-4.0000000e+00 -3.1559800e-09 9.9100000e+37 0.0000000e+00 2.0486000e+04
-3.9600000e+00 -4.2096560e-09 9.9100000e+37 6.0253910e-01 2.0486000e+04
-3.9200000e+00 -5.1896600e-09 9.9100000e+37 1.2060550e+00 2.0486000e+04
-3.8800000e+00 -5.8017780e-09 9.9100000e+37 1.8085940e+00 2.0486000e+04
-3.8400000e+00 -6.0485680e-09 9.9100000e+37 2.4121090e+00 2.0486000e+04
-3.8000000e+00 -6.1297900e-09 9.9100000e+37 3.0146480e+00 2.0486000e+04
-3.7600000e+00 -6.2153750e-09 9.9100000e+37 3.6181640e+00 2.0486000e+04
-3.7200000e+00 -6.2437550e-09 9.9100000e+37 4.2207030e+00 2.0486000e+04
-3.6800000e+00 -6.2453270e-09 9.9100000e+37 4.8242190e+00 2.0486000e+04
-3.6400000e+00 -6.2644770e-09 9.9100000e+37 5.4267580e+00 2.0486000e+04
-3.6000000e+00 -6.2869100e-09 9.9100000e+37 6.0302730e+00 2.0486000e+04
-3.5600000e+00 -6.2617830e-09 9.9100000e+37 6.6328130e+00 2.0486000e+04
-3.5200000e+00 -6.2688120e-09 9.9100000e+37 7.2363280e+00 2.0486000e+04
-3.4800000e+00 -6.2988970e-09 9.9100000e+37 7.8388670e+00 2.0486000e+04
-3.4400000e+00 -6.2933420e-09 9.9100000e+37 8.4423830e+00 2.0486000e+04
-3.4000000e+00 -6.3035520e-09 9.9100000e+37 9.0449220e+00 2.0486000e+04
-3.3600000e+00 -6.2603890e-09 9.9100000e+37 9.6484380e+00 2.0486000e+04
-3.3200000e+00 -6.2607180e-09 9.9100000e+37 1.0250980e+01 2.0486000e+04
-3.2800000e+00 -6.2441600e-09 9.9100000e+37 1.0854490e+01 2.0486000e+04
-3.2400000e+00 -6.2285710e-09 9.9100000e+37 1.1457030e+01 2.0486000e+04
-3.2000000e+00 -6.2190620e-09 9.9100000e+37 1.2060550e+01 2.0486000e+04
-3.1600000e+00 -6.1834270e-09 9.9100000e+37 1.2663090e+01 2.0486000e+04
-3.1200000e+00 -6.1594640e-09 9.9100000e+37 1.3266600e+01 2.0486000e+04
-3.0800000e+00 -6.1431540e-09 9.9100000e+37 1.3869140e+01 2.0486000e+04
-3.0400000e+00 -6.1074040e-09 9.9100000e+37 1.4472660e+01 2.0486000e+04
-3.0000000e+00 -6.1045640e-09 9.9100000e+37 1.5075200e+01 2.0486000e+04
-2.9600000e+00 -6.1056630e-09 9.9100000e+37 1.5678710e+01 2.0486000e+04
-2.9200000e+00 -6.0491520e-09 9.9100000e+37 1.6281250e+01 2.0486000e+04
-2.8800000e+00 -6.0237100e-09 9.9100000e+37 1.6884770e+01 2.0486000e+04
-2.8400000e+00 -5.9934740e-09 9.9100000e+37 1.7487300e+01 2.0486000e+04
-2.8000000e+00 -5.9687850e-09 9.9100000e+37 1.8090820e+01 2.0486000e+04
-2.7600000e+00 -5.9143490e-09 9.9100000e+37 1.8693360e+01 2.0486000e+04
-2.7200000e+00 -5.8939150e-09 9.9100000e+37 1.9296880e+01 2.0486000e+04
-2.6800000e+00 -5.8512350e-09 9.9100000e+37 1.9899410e+01 2.0486000e+04
-2.6400000e+00 -5.7768770e-09 9.9100000e+37 2.0502930e+01 2.0486000e+04
-2.6000000e+00 -5.7489800e-09 9.9100000e+37 2.1105470e+01 2.0486000e+04
-2.5600000e+00 -5.7150960e-09 9.9100000e+37 2.1708980e+01 2.0486000e+04
-2.5200000e+00 -5.6568200e-09 9.9100000e+37 2.2311520e+01 2.0486000e+04
-2.4800000e+00 -5.5683370e-09 9.9100000e+37 2.2915040e+01 2.0486000e+04
-2.4400000e+00 -5.4845700e-09 9.9100000e+37 2.3517580e+01 2.0486000e+04
-2.4000000e+00 -5.4221020e-09 9.9100000e+37 2.4121090e+01 2.0486000e+04
-2.3600000e+00 -5.3475300e-09 9.9100000e+37 2.4723630e+01 2.0486000e+04
-2.3200000e+00 -5.2692840e-09 9.9100000e+37 2.5327150e+01 2.0486000e+04
-2.2800000e+00 -5.1539200e-09 9.9100000e+37 2.5929690e+01 2.0486000e+04
-2.2400000e+00 -5.0807830e-09 9.9100000e+37 2.6533200e+01 2.0486000e+04
-2.2000000e+00 -4.9170760e-09 9.9100000e+37 2.7135740e+01 2.0486000e+04
-2.1600000e+00 -4.8069030e-09 9.9100000e+37 2.7739260e+01 2.0486000e+04
-2.1200000e+00 -4.7015500e-09 9.9100000e+37 2.8341800e+01 2.0486000e+04
-2.0800000e+00 -4.5510340e-09 9.9100000e+37 2.8945310e+01 2.0486000e+04
-2.0400000e+00 -4.3928290e-09 9.9100000e+37 2.9547850e+01 2.0486000e+04
-2.0000000e+00 -4.3382320e-09 9.9100000e+37 3.0151370e+01 2.0486000e+04
-1.9600000e+00 -4.1194570e-09 9.9100000e+37 3.0753910e+01 2.0486000e+04
-1.9200000e+00 -3.9619960e-09 9.9100000e+37 3.1357420e+01 2.0486000e+04
-1.8800000e+00 -3.7601040e-09 9.9100000e+37 3.1959960e+01 2.0486000e+04
-1.8400000e+00 -3.5986870e-09 9.9100000e+37 3.2563480e+01 2.0486000e+04
-1.8000000e+00 -3.4661120e-09 9.9100000e+37 3.3166020e+01 2.0486000e+04
-1.7600000e+00 -3.3907830e-09 9.9100000e+37 3.3769530e+01 2.0486000e+04
-1.7200000e+00 -3.1728560e-09 9.9100000e+37 3.4372070e+01 2.0486000e+04
-1.6800000e+00 -3.0448400e-09 9.9100000e+37 3.4975590e+01 2.0486000e+04
-1.6400000e+00 -2.8735550e-09 9.9100000e+37 3.5578120e+01 2.0486000e+04
-1.6000000e+00 -2.7259450e-09 9.9100000e+37 3.6181640e+01 2.0486000e+04
-1.5600000e+00 -2.6057470e-09 9.9100000e+37 3.6784180e+01 2.0486000e+04
-1.5200000e+00 -2.4468620e-09 9.9100000e+37 3.7387700e+01 2.0486000e+04
-1.4800000e+00 -2.3356920e-09 9.9100000e+37 3.7990230e+01 2.0486000e+04
-1.4400000e+00 -2.1802750e-09 9.9100000e+37 3.8593750e+01 2.0486000e+04
-1.4000000e+00 -2.0503530e-09 9.9100000e+37 3.9196290e+01 2.0486000e+04
-1.3600000e+00 -1.9191040e-09 9.9100000e+37 3.9799800e+01 2.0486000e+04
-1.3200000e+00 -1.7847030e-09 9.9100000e+37 4.0402340e+01 2.0486000e+04
-1.2800000e+00 -1.6781970e-09 9.9100000e+37 4.1005860e+01 2.0486000e+04
-1.2400000e+00 -1.5737910e-09 9.9100000e+37 4.1608400e+01 2.0486000e+04
-1.2000000e+00 -1.4751490e-09 9.9100000e+37 4.2211910e+01 2.0486000e+04
-1.1600000e+00 -1.3717040e-09 9.9100000e+37 4.2814450e+01 2.0486000e+04
-1.1200000e+00 -1.2599400e-09 9.9100000e+37 4.3417970e+01 2.0486000e+04
-1.0800000e+00 -1.1463860e-09 9.9100000e+37 4.4020510e+01 2.0486000e+04
-1.0400000e+00 -1.0713120e-09 9.9100000e+37 4.4624020e+01 2.0486000e+04
-1.0000000e+00 -9.5402500e-10 9.9100000e+37 4.7739260e+01 2.0486000e+04
-9.6000000e-01 -6.7996010e-10 9.9100000e+37 4.9001950e+01 2.0486000e+04
-9.2000000e-01 -8.2064630e-10 9.9100000e+37 5.0845700e+01 2.0486000e+04
-8.8000000e-01 -7.6891840e-10 9.9100000e+37 5.3348630e+01 2.0486000e+04
-8.4000000e-01 -6.3504380e-10 9.9100000e+37 5.4610350e+01 2.0486000e+04
-8.0000000e-01 -6.1675710e-10 9.9100000e+37 5.5212890e+01 2.0486000e+04
-7.6000000e-01 -5.9713210e-10 9.9100000e+37 5.5816410e+01 2.0486000e+04
-7.2000000e-01 -5.7415000e-10 9.9100000e+37 5.6419920e+01 2.0486000e+04
-6.8000000e-01 -5.3121470e-10 9.9100000e+37 5.7023440e+01 2.0486000e+04
-6.4000000e-01 -4.8174340e-10 9.9100000e+37 5.7626950e+01 2.0486000e+04
-6.0000000e-01 -4.4128770e-10 9.9100000e+37 5.8230470e+01 2.0486000e+04
-5.6000000e-01 -3.9863270e-10 9.9100000e+37 5.8833980e+01 2.0486000e+04
-5.2000000e-01 -3.4750230e-10 9.9100000e+37 5.9437500e+01 2.0486000e+04
-4.8000000e-01 -3.0880850e-10 9.9100000e+37 6.0041020e+01 2.0486000e+04
-4.4000000e-01 -2.7265090e-10 9.9100000e+37 6.0644530e+01 2.0486000e+04
-4.0000000e-01 -2.3515610e-10 9.9100000e+37 6.1247070e+01 2.0486000e+04
-3.6000000e-01 -2.0167440e-10 9.9100000e+37 6.1850590e+01 2.0486000e+04
-3.2000000e-01 -1.7090700e-10 9.9100000e+37 6.2454100e+01 2.0486000e+04
-2.8000000e-01 -1.4079360e-10 9.9100000e+37 6.3057620e+01 2.0486000e+04
-2.4000000e-01 -1.1589540e-10 9.9100000e+37 6.3661130e+01 2.0486000e+04
-2.0000000e-01 -6.4999310e-11 9.9100000e+37 6.6278320e+01 2.0486000e+04
-1.6000000e-01 -5.8067630e-11 9.9100000e+37 6.8087890e+01 2.0486000e+04
-1.2000000e-01 -4.1306860e-11 9.9100000e+37 6.9897460e+01 2.0486000e+04
-8.0000000e-02 -2.5010960e-11 9.9100000e+37 7.1707030e+01 2.0486000e+04
-4.0000000e-02 -1.2273400e-11 9.9100000e+37 7.3516600e+01 2.0486000e+04
0.0000000e+00 -8.0355940e-13 9.9100000e+37 7.5325200e+01 2.0486000e+04
4.0000000e-02 9.5045910e-12 9.9100000e+37 7.7134770e+01 2.0486000e+04
8.0000000e-02 1.8122960e-11 9.9100000e+37 7.8944340e+01 2.0486000e+04
1.2000000e-01 2.6772140e-11 9.9100000e+37 8.0753910e+01 2.0486000e+04
1.6000000e-01 3.5255140e-11 9.9100000e+37 8.2563480e+01 2.0486000e+04
2.0000000e-01 4.2883230e-11 9.9100000e+37 8.4373050e+01 2.0486000e+04
2.4000000e-01 5.0826180e-11 9.9100000e+37 8.6182620e+01 2.0486000e+04
2.8000000e-01 5.9929330e-11 9.9100000e+37 8.7992190e+01 2.0486000e+04
3.2000000e-01 6.3618540e-11 9.9100000e+37 8.9800780e+01 2.0486000e+04
3.6000000e-01 8.0853980e-11 9.9100000e+37 9.1677730e+01 2.0486000e+04
4.0000000e-01 6.7943440e-11 9.9100000e+37 9.4293950e+01 2.0486000e+04
4.4000000e-01 1.0132960e-10 9.9100000e+37 9.6773440e+01 2.0486000e+04
4.8000000e-01 1.1514550e-10 9.9100000e+37 9.7376950e+01 2.0486000e+04
5.2000000e-01 1.2628810e-10 9.9100000e+37 9.7979490e+01 2.0486000e+04
5.6000000e-01 1.3710550e-10 9.9100000e+37 9.8583010e+01 2.0486000e+04
6.0000000e-01 1.4602070e-10 9.9100000e+37 9.9186520e+01 2.0486000e+04
6.4000000e-01 1.5525760e-10 9.9100000e+37 9.9790040e+01 2.0486000e+04
6.8000000e-01 1.6360960e-10 9.9100000e+37 1.0039360e+02 2.0486000e+04
7.2000000e-01 1.7519430e-10 9.9100000e+37 1.0099710e+02 2.0486000e+04
7.6000000e-01 1.8921920e-10 9.9100000e+37 1.0160060e+02 2.0486000e+04
8.0000000e-01 1.9745840e-10 9.9100000e+37 1.0220410e+02 2.0486000e+04
8.4000000e-01 2.1016330e-10 9.9100000e+37 1.0280760e+02 2.0486000e+04
8.8000000e-01 2.2065060e-10 9.9100000e+37 1.0341110e+02 2.0486000e+04
9.2000000e-01 2.3821170e-10 9.9100000e+37 1.0401370e+02 2.0486000e+04
9.6000000e-01 2.4931790e-10 9.9100000e+37 1.0461720e+02 2.0486000e+04
1.0000000e+00 2.6163660e-10 9.9100000e+37 1.0522070e+02 2.0486000e+04
1.0400000e+00 2.7395140e-10 9.9100000e+37 1.0582420e+02 2.0486000e+04
1.0800000e+00 2.8334480e-10 9.9100000e+37 1.0642770e+02 2.0486000e+04
1.1200000e+00 2.9496170e-10 9.9100000e+37 1.0703130e+02 2.0486000e+04
1.1600000e+00 3.0827970e-10 9.9100000e+37 1.0763480e+02 2.0486000e+04
1.2000000e+00 3.1687010e-10 9.9100000e+37 1.0823830e+02 2.0486000e+04
1.2400000e+00 3.3121780e-10 9.9100000e+37 1.0884180e+02 2.0486000e+04
1.2800000e+00 3.4352750e-10 9.9100000e+37 1.0944530e+02 2.0486000e+04
1.3200000e+00 3.5927330e-10 9.9100000e+37 1.1004880e+02 2.0486000e+04
1.3600000e+00 3.7071470e-10 9.9100000e+37 1.1065230e+02 2.0486000e+04
1.4000000e+00 3.9310210e-10 9.9100000e+37 1.1125490e+02 2.0486000e+04
1.4400000e+00 4.1430410e-10 9.9100000e+37 1.1185840e+02 2.0486000e+04
1.4800000e+00 4.3937320e-10 9.9100000e+37 1.1246190e+02 2.0486000e+04
1.5200000e+00 4.6206270e-10 9.9100000e+37 1.1306540e+02 2.0486000e+04
1.5600000e+00 4.8373020e-10 9.9100000e+37 1.1366890e+02 2.0486000e+04
1.6000000e+00 5.1891360e-10 9.9100000e+37 1.1427250e+02 2.0486000e+04
1.6400000e+00 5.4627230e-10 9.9100000e+37 1.1487600e+02 2.0486000e+04
1.6800000e+00 5.8296650e-10 9.9100000e+37 1.1547950e+02 2.0486000e+04
1.7200000e+00 6.0537200e-10 9.9100000e+37 1.1608300e+02 2.0486000e+04
1.7600000e+00 7.1402670e-10 9.9100000e+37 1.1792770e+02 2.0486000e+04
1.8000000e+00 6.9460640e-10 9.9100000e+37 1.1918950e+02 2.0486000e+04
1.8400000e+00 7.1266900e-10 9.9100000e+37 1.1979200e+02 2.0486000e+04
1.8800000e+00 7.3246890e-10 9.9100000e+37 1.2039550e+02 2.0486000e+04
1.9200000e+00 7.4870030e-10 9.9100000e+37 1.2099900e+02 2.0486000e+04
1.9600000e+00 1.1250040e-09 9.9100000e+37 1.2284380e+02 2.0486000e+04
2.0000000e+00 1.2195030e-09 9.9100000e+37 1.2344630e+02 2.0486000e+04
2.0400000e+00 1.3380180e-09 9.9100000e+37 1.2404980e+02 2.0486000e+04
2.0800000e+00 1.4537190e-09 9.9100000e+37 1.2465230e+02 2.0486000e+04
2.1200000e+00 1.5905120e-09 9.9100000e+37 1.2525590e+02 2.0486000e+04
2.1600000e+00 1.7577670e-09 9.9100000e+37 1.2585840e+02 2.0486000e+04
2.2000000e+00 1.9495740e-09 9.9100000e+37 1.2646190e+02 2.0486000e+04
2.2400000e+00 2.1229520e-09 9.9100000e+37 1.2706450e+02 2.0486000e+04
2.2800000e+00 2.3346560e-09 9.9100000e+37 1.2766800e+02 2.0486000e+04
2.3200000e+00 2.6054210e-09 9.9100000e+37 1.2827150e+02 2.0486000e+04
2.3600000e+00 2.8619620e-09 9.9100000e+37 1.2887400e+02 2.0486000e+04
2.4000000e+00 3.1720060e-09 9.9100000e+37 1.2947660e+02 2.0486000e+04
2.4400000e+00 3.4670240e-09 9.9100000e+37 1.3008010e+02 2.0486000e+04
2.4800000e+00 3.7783380e-09 9.9100000e+37 1.3068260e+02 2.0486000e+04
2.5200000e+00 4.1196140e-09 9.9100000e+37 1.3128610e+02 2.0486000e+04
2.5600000e+00 4.4750090e-09 9.9100000e+37 1.3188870e+02 2.0486000e+04
2.6000000e+00 4.8177980e-09 9.9100000e+37 1.3249220e+02 2.0486000e+04
2.6400000e+00 5.1767830e-09 9.9100000e+37 1.3309470e+02 2.0486000e+04
2.6800000e+00 5.4449760e-09 9.9100000e+37 1.3369820e+02 2.0486000e+04
2.7200000e+00 5.7022670e-09 9.9100000e+37 1.3430080e+02 2.0486000e+04
2.7600000e+00 5.9285670e-09 9.9100000e+37 1.3490430e+02 2.0486000e+04
2.8000000e+00 6.1391860e-09 9.9100000e+37 1.3550680e+02 2.0486000e+04
2.8400000e+00 6.3097430e-09 9.9100000e+37 1.3611040e+02 2.0486000e+04
2.8800000e+00 6.5133540e-09 9.9100000e+37 1.3671290e+02 2.0486000e+04
2.9200000e+00 6.6800410e-09 9.9100000e+37 1.3731640e+02 2.0486000e+04
2.9600000e+00 6.7810180e-09 9.9100000e+37 1.3791890e+02 2.0486000e+04
3.0000000e+00 6.8912880e-09 9.9100000e+37 1.3852250e+02 2.0486000e+04
3.0400000e+00 6.9954890e-09 9.9100000e+37 1.3912500e+02 2.0486000e+04
3.0800000e+00 7.1446500e-09 9.9100000e+37 1.3972850e+02 2.0486000e+04
3.1200000e+00 7.1950860e-09 9.9100000e+37 1.4033110e+02 2.0486000e+04
3.1600000e+00 7.2939990e-09 9.9100000e+37 1.4093460e+02 2.0486000e+04
3.2000000e+00 7.5028660e-09 9.9100000e+37 1.4276950e+02 2.0486000e+04
3.2400000e+00 7.5384090e-09 9.9100000e+37 1.4399120e+02 2.0486000e+04
3.2800000e+00 7.6006470e-09 9.9100000e+37 1.4459380e+02 2.0486000e+04
3.3200000e+00 7.7409390e-09 9.9100000e+37 1.4642870e+02 2.0486000e+04
3.3600000e+00 7.6930630e-09 9.9100000e+37 1.4765040e+02 2.0486000e+04
3.4000000e+00 7.7894280e-09 9.9100000e+37 1.4825390e+02 2.0486000e+04
3.4400000e+00 7.9209440e-09 9.9100000e+37 1.5008890e+02 2.0486000e+04
3.4800000e+00 7.8523300e-09 9.9100000e+37 1.5131050e+02 2.0486000e+04
3.5200000e+00 7.8911640e-09 9.9100000e+37 1.5191310e+02 2.0486000e+04
3.5600000e+00 7.9438460e-09 9.9100000e+37 1.5251660e+02 2.0486000e+04
3.6000000e+00 8.0460920e-09 9.9100000e+37 1.5435160e+02 2.0486000e+04
3.6400000e+00 7.9775870e-09 9.9100000e+37 1.5557320e+02 2.0486000e+04
3.6800000e+00 8.0220860e-09 9.9100000e+37 1.5617680e+02 2.0486000e+04
3.7200000e+00 8.1995710e-09 9.9100000e+37 1.5801170e+02 2.0486000e+04
3.7600000e+00 8.0588320e-09 9.9100000e+37 1.5923340e+02 2.0486000e+04
3.8000000e+00 8.1056230e-09 9.9100000e+37 1.5983590e+02 2.0486000e+04
3.8400000e+00 8.3153750e-09 9.9100000e+37 1.6167090e+02 2.0486000e+04
3.8800000e+00 8.1860060e-09 9.9100000e+37 1.6289260e+02 2.0486000e+04
3.9200000e+00 8.2543350e-09 9.9100000e+37 1.6349610e+02 2.0486000e+04
3.9600000e+00 8.4729490e-09 9.9100000e+37 1.6533110e+02 2.0486000e+04
4.0000000e+00 8.3210380e-09 9.9100000e+37 1.6655270e+02 2.0486000e+04
