4.0000000e+00 7.9511110e-09 9.9100000e+37 0.0000000e+00 2.0486000e+04
3.9600000e+00 8.2152330e-09 9.9100000e+37 6.0351560e-01 2.0486000e+04
3.9200000e+00 8.3597650e-09 9.9100000e+37 1.2060550e+00 2.0486000e+04
3.8800000e+00 9.0643060e-09 9.9100000e+37 3.0410160e+00 2.0486000e+04
3.8400000e+00 8.7144050e-09 9.9100000e+37 4.2626950e+00 2.0486000e+04
3.8000000e+00 8.7226510e-09 9.9100000e+37 4.8662110e+00 2.0486000e+04
3.7600000e+00 9.2837340e-09 9.9100000e+37 6.7011720e+00 2.0486000e+04
3.7200000e+00 8.7637170e-09 9.9100000e+37 7.9228520e+00 2.0486000e+04
3.6800000e+00 8.7857290e-09 9.9100000e+37 8.5253910e+00 2.0486000e+04
3.6400000e+00 9.1724810e-09 9.9100000e+37 1.0360350e+01 2.0486000e+04
3.6000000e+00 8.6117770e-09 9.9100000e+37 1.1582030e+01 2.0486000e+04
3.5600000e+00 8.6328910e-09 9.9100000e+37 1.2185550e+01 2.0486000e+04
3.5200000e+00 8.9903680e-09 9.9100000e+37 1.4020510e+01 2.0486000e+04
3.4800000e+00 8.5034970e-09 9.9100000e+37 1.5242190e+01 2.0486000e+04
3.4400000e+00 8.9003260e-09 9.9100000e+37 1.7077150e+01 2.0486000e+04
3.4000000e+00 8.3958100e-09 9.9100000e+37 1.8298830e+01 2.0486000e+04
3.3600000e+00 8.3592050e-09 9.9100000e+37 1.8901370e+01 2.0486000e+04
3.3200000e+00 8.6853210e-09 9.9100000e+37 2.0736330e+01 2.0486000e+04
3.2800000e+00 8.2687030e-09 9.9100000e+37 2.1958010e+01 2.0486000e+04
3.2400000e+00 8.2445250e-09 9.9100000e+37 2.2561520e+01 2.0486000e+04
3.2000000e+00 8.5104340e-09 9.9100000e+37 2.4396480e+01 2.0486000e+04
3.1600000e+00 8.1085800e-09 9.9100000e+37 2.5618160e+01 2.0486000e+04
3.1200000e+00 8.1408920e-09 9.9100000e+37 2.6220700e+01 2.0486000e+04
3.0800000e+00 8.3192020e-09 9.9100000e+37 2.8055660e+01 2.0486000e+04
3.0400000e+00 7.9604790e-09 9.9100000e+37 2.9277340e+01 2.0486000e+04
3.0000000e+00 7.9301480e-09 9.9100000e+37 2.9880860e+01 2.0486000e+04
2.9600000e+00 8.0915430e-09 9.9100000e+37 3.1715820e+01 2.0486000e+04
2.9200000e+00 7.7912370e-09 9.9100000e+37 3.2937500e+01 2.0486000e+04
2.8800000e+00 7.7610310e-09 9.9100000e+37 3.3540040e+01 2.0486000e+04
2.8400000e+00 7.8347670e-09 9.9100000e+37 3.5375000e+01 2.0486000e+04
2.8000000e+00 7.5802310e-09 9.9100000e+37 3.6596680e+01 2.0486000e+04
2.7600000e+00 7.5514560e-09 9.9100000e+37 3.7200200e+01 2.0486000e+04
2.7200000e+00 7.5179470e-09 9.9100000e+37 3.7802730e+01 2.0486000e+04
2.6800000e+00 7.4983320e-09 9.9100000e+37 3.9637700e+01 2.0486000e+04
2.6400000e+00 7.2990560e-09 9.9100000e+37 4.0859380e+01 2.0486000e+04
2.6000000e+00 7.2496500e-09 9.9100000e+37 4.1462890e+01 2.0486000e+04
2.5600000e+00 7.1970440e-09 9.9100000e+37 4.2065430e+01 2.0486000e+04
2.5200000e+00 7.1677570e-09 9.9100000e+37 4.2668950e+01 2.0486000e+04
2.4800000e+00 7.0584940e-09 9.9100000e+37 4.3271480e+01 2.0486000e+04
2.4400000e+00 6.9341140e-09 9.9100000e+37 4.3875000e+01 2.0486000e+04
2.4000000e+00 6.8541030e-09 9.9100000e+37 4.4477540e+01 2.0486000e+04
2.3600000e+00 6.7757460e-09 9.9100000e+37 4.5081050e+01 2.0486000e+04
2.3200000e+00 6.6637620e-09 9.9100000e+37 4.5683590e+01 2.0486000e+04
2.2800000e+00 6.5640430e-09 9.9100000e+37 4.6287110e+01 2.0486000e+04
2.2400000e+00 6.4382290e-09 9.9100000e+37 4.6889650e+01 2.0486000e+04
2.2000000e+00 6.3288330e-09 9.9100000e+37 4.7493160e+01 2.0486000e+04
2.1600000e+00 6.2005920e-09 9.9100000e+37 4.8095700e+01 2.0486000e+04
2.1200000e+00 6.0931100e-09 9.9100000e+37 4.8699220e+01 2.0486000e+04
2.0800000e+00 6.0186590e-09 9.9100000e+37 4.9301760e+01 2.0486000e+04
2.0400000e+00 5.8733340e-09 9.9100000e+37 4.9905270e+01 2.0486000e+04
2.0000000e+00 5.7326930e-09 9.9100000e+37 5.0507810e+01 2.0486000e+04
1.9600000e+00 5.6102260e-09 9.9100000e+37 5.1111330e+01 2.0486000e+04
1.9200000e+00 5.4546400e-09 9.9100000e+37 5.1713870e+01 2.0486000e+04
1.8800000e+00 5.3789830e-09 9.9100000e+37 5.2317380e+01 2.0486000e+04
1.8400000e+00 5.2178320e-09 9.9100000e+37 5.2919920e+01 2.0486000e+04
1.8000000e+00 5.0399510e-09 9.9100000e+37 5.3522460e+01 2.0486000e+04
1.7600000e+00 4.8679220e-09 9.9100000e+37 5.4125980e+01 2.0486000e+04
1.7200000e+00 4.6517250e-09 9.9100000e+37 5.4729490e+01 2.0486000e+04
1.6800000e+00 4.4809890e-09 9.9100000e+37 5.5332030e+01 2.0486000e+04
1.6400000e+00 4.2598390e-09 9.9100000e+37 5.5934570e+01 2.0486000e+04
1.6000000e+00 4.0339090e-09 9.9100000e+37 5.6538090e+01 2.0486000e+04
1.5600000e+00 3.8151910e-09 9.9100000e+37 5.7140620e+01 2.0486000e+04
1.5200000e+00 3.5887700e-09 9.9100000e+37 5.7744140e+01 2.0486000e+04
1.4800000e+00 3.3190930e-09 9.9100000e+37 5.8346680e+01 2.0486000e+04
1.4400000e+00 3.0748010e-09 9.9100000e+37 5.8950200e+01 2.0486000e+04
1.4000000e+00 2.8421050e-09 9.9100000e+37 5.9552730e+01 2.0486000e+04
1.3600000e+00 2.6549070e-09 9.9100000e+37 6.0156250e+01 2.0486000e+04
1.3200000e+00 2.4335760e-09 9.9100000e+37 6.0758790e+01 2.0486000e+04
1.2800000e+00 2.2297560e-09 9.9100000e+37 6.1362300e+01 2.0486000e+04
1.2400000e+00 2.0637060e-09 9.9100000e+37 6.1964840e+01 2.0486000e+04
1.2000000e+00 1.8559670e-09 9.9100000e+37 6.2568360e+01 2.0486000e+04
1.1600000e+00 1.6786990e-09 9.9100000e+37 6.3170900e+01 2.0486000e+04
1.1200000e+00 1.4869500e-09 9.9100000e+37 6.3774410e+01 2.0486000e+04
1.0800000e+00 1.3491980e-09 9.9100000e+37 6.4376950e+01 2.0486000e+04
1.0400000e+00 1.1930540e-09 9.9100000e+37 6.4980470e+01 2.0486000e+04
1.0000000e+00 1.0562470e-09 9.9100000e+37 6.5583010e+01 2.0486000e+04
9.6000000e-01 8.6944650e-10 9.9100000e+37 6.8085940e+01 2.0486000e+04
9.2000000e-01 7.5400730e-10 9.9100000e+37 7.0588870e+01 2.0486000e+04
8.8000000e-01 6.0679810e-10 9.9100000e+37 7.1850590e+01 2.0486000e+04
8.4000000e-01 5.8370430e-10 9.9100000e+37 7.2453120e+01 2.0486000e+04
8.0000000e-01 5.2026390e-10 9.9100000e+37 7.3056640e+01 2.0486000e+04
7.6000000e-01 4.5700990e-10 9.9100000e+37 7.3660160e+01 2.0486000e+04
7.2000000e-01 3.9829360e-10 9.9100000e+37 7.4263670e+01 2.0486000e+04
6.8000000e-01 3.4494390e-10 9.9100000e+37 7.4867190e+01 2.0486000e+04
6.4000000e-01 2.9127660e-10 9.9100000e+37 7.5470700e+01 2.0486000e+04
6.0000000e-01 2.5078140e-10 9.9100000e+37 7.6074220e+01 2.0486000e+04
5.6000000e-01 2.0770020e-10 9.9100000e+37 7.6677730e+01 2.0486000e+04
5.2000000e-01 1.7440850e-10 9.9100000e+37 7.7280270e+01 2.0486000e+04
4.8000000e-01 1.4256160e-10 9.9100000e+37 7.7883790e+01 2.0486000e+04
4.4000000e-01 1.1596590e-10 9.9100000e+37 7.8487300e+01 2.0486000e+04
4.0000000e-01 7.0375460e-11 9.9100000e+37 8.2377930e+01 2.0486000e+04
3.6000000e-01 5.4425070e-11 9.9100000e+37 8.4994140e+01 2.0486000e+04
3.2000000e-01 4.2418120e-11 9.9100000e+37 8.6803710e+01 2.0486000e+04
2.8000000e-01 3.1800200e-11 9.9100000e+37 8.8613280e+01 2.0486000e+04
2.4000000e-01 2.2799610e-11 9.9100000e+37 9.0422850e+01 2.0486000e+04
2.0000000e-01 1.5929720e-11 9.9100000e+37 9.2231450e+01 2.0486000e+04
1.6000000e-01 1.0745740e-11 9.9100000e+37 9.4041020e+01 2.0486000e+04
1.2000000e-01 6.6104480e-12 9.9100000e+37 9.5850590e+01 2.0486000e+04
8.0000000e-02 3.6636240e-12 9.9100000e+37 9.7660160e+01 2.0486000e+04
4.0000000e-02 1.5353650e-12 9.9100000e+37 9.9469730e+01 2.0486000e+04
0.0000000e+00 5.0878550e-14 9.9100000e+37 1.0127930e+02 2.0486000e+04
-4.0000000e-02 -1.0891510e-12 9.9100000e+37 1.0308890e+02 2.0486000e+04
-8.0000000e-02 -2.0075720e-12 9.9100000e+37 1.0489840e+02 2.0486000e+04
-1.2000000e-01 -2.7548460e-12 9.9100000e+37 1.0670700e+02 2.0486000e+04
-1.6000000e-01 -3.6401350e-12 9.9100000e+37 1.0851660e+02 2.0486000e+04
-2.0000000e-01 -4.4463200e-12 9.9100000e+37 1.1032620e+02 2.0486000e+04
-2.4000000e-01 -5.3946510e-12 9.9100000e+37 1.1213570e+02 2.0486000e+04
-2.8000000e-01 -6.2830910e-12 9.9100000e+37 1.1394530e+02 2.0486000e+04
-3.2000000e-01 -7.4260110e-12 9.9100000e+37 1.1575490e+02 2.0486000e+04
-3.6000000e-01 -8.4646250e-12 9.9100000e+37 1.1756450e+02 2.0486000e+04
-4.0000000e-01 -9.7153790e-12 9.9100000e+37 1.1937400e+02 2.0486000e+04
-4.4000000e-01 -1.1161410e-11 9.9100000e+37 1.2118260e+02 2.0486000e+04
-4.8000000e-01 -1.2518890e-11 9.9100000e+37 1.2299220e+02 2.0486000e+04
-5.2000000e-01 -1.4129380e-11 9.9100000e+37 1.2480180e+02 2.0486000e+04
-5.6000000e-01 -1.5942370e-11 9.9100000e+37 1.2661130e+02 2.0486000e+04
-6.0000000e-01 -1.7805930e-11 9.9100000e+37 1.2842090e+02 2.0486000e+04
-6.4000000e-01 -1.9846530e-11 9.9100000e+37 1.3023050e+02 2.0486000e+04
-6.8000000e-01 -2.2047050e-11 9.9100000e+37 1.3203910e+02 2.0486000e+04
-7.2000000e-01 -2.4140530e-11 9.9100000e+37 1.3384860e+02 2.0486000e+04
-7.6000000e-01 -2.6838700e-11 9.9100000e+37 1.3565820e+02 2.0486000e+04
-8.0000000e-01 -2.9861050e-11 9.9100000e+37 1.3746780e+02 2.0486000e+04
-8.4000000e-01 -3.2941160e-11 9.9100000e+37 1.3927730e+02 2.0486000e+04
-8.8000000e-01 -3.6493600e-11 9.9100000e+37 1.4108690e+02 2.0486000e+04
-9.2000000e-01 -4.0591620e-11 9.9100000e+37 1.4289650e+02 2.0486000e+04
-9.6000000e-01 -4.5557310e-11 9.9100000e+37 1.4470610e+02 2.0486000e+04
-1.0000000e+00 -5.0894990e-11 9.9100000e+37 1.4651560e+02 2.0486000e+04
-1.0400000e+00 -5.7506220e-11 9.9100000e+37 1.4832420e+02 2.0486000e+04
-1.0800000e+00 -6.4012510e-11 9.9100000e+37 1.5013380e+02 2.0486000e+04
-1.1200000e+00 -7.5237770e-11 9.9100000e+37 1.5201070e+02 2.0486000e+04
-1.1600000e+00 -7.3464160e-11 9.9100000e+37 1.5462700e+02 2.0486000e+04
-1.2000000e+00 -1.0359860e-10 9.9100000e+37 1.5710640e+02 2.0486000e+04
-1.2400000e+00 -1.1437360e-10 9.9100000e+37 1.5770900e+02 2.0486000e+04
-1.2800000e+00 -1.2608130e-10 9.9100000e+37 1.5831250e+02 2.0486000e+04
-1.3200000e+00 -1.3663440e-10 9.9100000e+37 1.5891600e+02 2.0486000e+04
-1.3600000e+00 -1.4567100e-10 9.9100000e+37 1.5951950e+02 2.0486000e+04
-1.4000000e+00 -1.6130140e-10 9.9100000e+37 1.6012300e+02 2.0486000e+04
-1.4400000e+00 -1.7387230e-10 9.9100000e+37 1.6072660e+02 2.0486000e+04
-1.4800000e+00 -1.9138840e-10 9.9100000e+37 1.6133010e+02 2.0486000e+04
-1.5200000e+00 -2.1166580e-10 9.9100000e+37 1.6193360e+02 2.0486000e+04
-1.5600000e+00 -2.2835450e-10 9.9100000e+37 1.6253710e+02 2.0486000e+04
-1.6000000e+00 -2.5027710e-10 9.9100000e+37 1.6313960e+02 2.0486000e+04
-1.6400000e+00 -2.8674790e-10 9.9100000e+37 1.6374320e+02 2.0486000e+04
-1.6800000e+00 -3.0876670e-10 9.9100000e+37 1.6434670e+02 2.0486000e+04
-1.7200000e+00 -3.3874010e-10 9.9100000e+37 1.6495020e+02 2.0486000e+04
-1.7600000e+00 -3.8445160e-10 9.9100000e+37 1.6555370e+02 2.0486000e+04
-1.8000000e+00 -4.2517610e-10 9.9100000e+37 1.6615720e+02 2.0486000e+04
-1.8400000e+00 -4.6955250e-10 9.9100000e+37 1.6676070e+02 2.0486000e+04
-1.8800000e+00 -5.1144210e-10 9.9100000e+37 1.6736430e+02 2.0486000e+04
-1.9200000e+00 -5.7594700e-10 9.9100000e+37 1.6796780e+02 2.0486000e+04
-1.9600000e+00 -7.3084910e-10 9.9100000e+37 1.6981250e+02 2.0486000e+04
-2.0000000e+00 -7.0319920e-10 9.9100000e+37 1.7107420e+02 2.0486000e+04
-2.0400000e+00 -7.2025680e-10 9.9100000e+37 1.7167680e+02 2.0486000e+04
-2.0800000e+00 -7.4359880e-10 9.9100000e+37 1.7228030e+02 2.0486000e+04
-2.1200000e+00 -7.5672270e-10 9.9100000e+37 1.7288380e+02 2.0486000e+04
-2.1600000e+00 -1.3032330e-09 9.9100000e+37 1.7472850e+02 2.0486000e+04
-2.2000000e+00 -1.5027990e-09 9.9100000e+37 1.7533110e+02 2.0486000e+04
-2.2400000e+00 -1.6662410e-09 9.9100000e+37 1.7593460e+02 2.0486000e+04
-2.2800000e+00 -1.8455860e-09 9.9100000e+37 1.7653710e+02 2.0486000e+04
-2.3200000e+00 -2.0674690e-09 9.9100000e+37 1.7714060e+02 2.0486000e+04
-2.3600000e+00 -2.2814690e-09 9.9100000e+37 1.7774320e+02 2.0486000e+04
-2.4000000e+00 -2.5109920e-09 9.9100000e+37 1.7834670e+02 2.0486000e+04
-2.4400000e+00 -2.8237770e-09 9.9100000e+37 1.7894920e+02 2.0486000e+04
-2.4800000e+00 -3.1408110e-09 9.9100000e+37 1.7955270e+02 2.0486000e+04
-2.5200000e+00 -3.4325670e-09 9.9100000e+37 1.8015630e+02 2.0486000e+04
-2.5600000e+00 -3.7602060e-09 9.9100000e+37 1.8075880e+02 2.0486000e+04
-2.6000000e+00 -4.1281210e-09 9.9100000e+37 1.8136230e+02 2.0486000e+04
-2.6400000e+00 -4.4060210e-09 9.9100000e+37 1.8196480e+02 2.0486000e+04
-2.6800000e+00 -4.8613660e-09 9.9100000e+37 1.8256840e+02 2.0486000e+04
-2.7200000e+00 -5.1935790e-09 9.9100000e+37 1.8317090e+02 2.0486000e+04
-2.7600000e+00 -5.5321010e-09 9.9100000e+37 1.8377440e+02 2.0486000e+04
-2.8000000e+00 -5.8018700e-09 9.9100000e+37 1.8437700e+02 2.0486000e+04
-2.8400000e+00 -5.9960410e-09 9.9100000e+37 1.8498050e+02 2.0486000e+04
-2.8800000e+00 -6.2008630e-09 9.9100000e+37 1.8558300e+02 2.0486000e+04
-2.9200000e+00 -6.2868910e-09 9.9100000e+37 1.8618650e+02 2.0486000e+04
-2.9600000e+00 -6.3928150e-09 9.9100000e+37 1.8678910e+02 2.0486000e+04
-3.0000000e+00 -6.4872520e-09 9.9100000e+37 1.8739260e+02 2.0486000e+04
-3.0400000e+00 -6.5496590e-09 9.9100000e+37 1.8799510e+02 2.0486000e+04
-3.0800000e+00 -6.6334870e-09 9.9100000e+37 1.8859860e+02 2.0486000e+04
-3.1200000e+00 -6.6839290e-09 9.9100000e+37 1.8920120e+02 2.0486000e+04
-3.1600000e+00 -6.7200210e-09 9.9100000e+37 1.8980470e+02 2.0486000e+04
-3.2000000e+00 -6.7438190e-09 9.9100000e+37 1.9040720e+02 2.0486000e+04
-3.2400000e+00 -6.7550900e-09 9.9100000e+37 1.9101070e+02 2.0486000e+04
-3.2800000e+00 -6.7777900e-09 9.9100000e+37 1.9161330e+02 2.0486000e+04
-3.3200000e+00 -6.5957570e-09 9.9100000e+37 1.9344820e+02 2.0486000e+04
-3.3600000e+00 -7.0073560e-09 9.9100000e+37 1.9466990e+02 2.0486000e+04
-3.4000000e+00 -6.6517440e-09 9.9100000e+37 1.9650490e+02 2.0486000e+04
-3.4400000e+00 -7.0654310e-09 9.9100000e+37 1.9772660e+02 2.0486000e+04
-3.4800000e+00 -6.9590250e-09 9.9100000e+37 1.9832910e+02 2.0486000e+04
-3.5200000e+00 -6.6428660e-09 9.9100000e+37 2.0016410e+02 2.0486000e+04
-3.5600000e+00 -7.0848190e-09 9.9100000e+37 2.0138570e+02 2.0486000e+04
-3.6000000e+00 -6.7070410e-09 9.9100000e+37 2.0322070e+02 2.0486000e+04
-3.6400000e+00 -7.1588300e-09 9.9100000e+37 2.0444240e+02 2.0486000e+04
-3.6800000e+00 -7.0507310e-09 9.9100000e+37 2.0504590e+02 2.0486000e+04
-3.7200000e+00 -6.8220500e-09 9.9100000e+37 2.0687990e+02 2.0486000e+04
-3.7600000e+00 -7.2766100e-09 9.9100000e+37 2.0810250e+02 2.0486000e+04
-3.8000000e+00 -6.9328760e-09 9.9100000e+37 2.0993650e+02 2.0486000e+04
-3.8400000e+00 -7.3966120e-09 9.9100000e+37 2.1115920e+02 2.0486000e+04
-3.8800000e+00 -7.0666610e-09 9.9100000e+37 2.1299320e+02 2.0486000e+04
-3.9200000e+00 -7.6428140e-09 9.9100000e+37 2.1421580e+02 2.0486000e+04
-3.9600000e+00 -7.5533530e-09 9.9100000e+37 2.1481840e+02 2.0486000e+04
-4.0000000e+00 -7.3145590e-09 9.9100000e+37 2.1665330e+02 2.0486000e+04
