-4.0000000e+00 -2.9931370e-09 9.9100000e+37 0.0000000e+00 2.0486000e+04
-3.9600000e+00 -5.4266550e-09 9.9100000e+37 6.0351560e-01 2.0486000e+04
-3.9200000e+00 -8.0103570e-09 9.9100000e+37 1.2060550e+00 2.0486000e+04
-3.8800000e+00 -9.5035340e-09 9.9100000e+37 1.8095700e+00 2.0486000e+04
-3.8400000e+00 -1.0094620e-08 9.9100000e+37 2.4121090e+00 2.0486000e+04
-3.8000000e+00 -1.0573940e-08 9.9100000e+37 4.2470700e+00 2.0486000e+04
-3.7600000e+00 -1.0676220e-08 9.9100000e+37 4.8505860e+00 2.0486000e+04
-3.7200000e+00 -1.0929260e-08 9.9100000e+37 5.4531250e+00 2.0486000e+04
-3.6800000e+00 -1.0978590e-08 9.9100000e+37 6.0566410e+00 2.0486000e+04
-3.6400000e+00 -1.1003770e-08 9.9100000e+37 6.6591800e+00 2.0486000e+04
-3.6000000e+00 -1.1001180e-08 9.9100000e+37 7.2626950e+00 2.0486000e+04
-3.5600000e+00 -1.1056960e-08 9.9100000e+37 7.8652340e+00 2.0486000e+04
-3.5200000e+00 -1.0990350e-08 9.9100000e+37 8.4687500e+00 2.0486000e+04
-3.4800000e+00 -1.0922310e-08 9.9100000e+37 9.0712890e+00 2.0486000e+04
-3.4400000e+00 -1.1004920e-08 9.9100000e+37 9.6748050e+00 2.0486000e+04
-3.4000000e+00 -1.0940240e-08 9.9100000e+37 1.0277340e+01 2.0486000e+04
-3.3600000e+00 -1.0965220e-08 9.9100000e+37 1.0880860e+01 2.0486000e+04
-3.3200000e+00 -1.0975270e-08 9.9100000e+37 1.1483400e+01 2.0486000e+04
-3.2800000e+00 -1.0926220e-08 9.9100000e+37 1.2086910e+01 2.0486000e+04
-3.2400000e+00 -1.0852450e-08 9.9100000e+37 1.2689450e+01 2.0486000e+04
-3.2000000e+00 -1.0798020e-08 9.9100000e+37 1.3292970e+01 2.0486000e+04
-3.1600000e+00 -1.0697410e-08 9.9100000e+37 1.3896480e+01 2.0486000e+04
-3.1200000e+00 -1.0702230e-08 9.9100000e+37 1.4499020e+01 2.0486000e+04
-3.0800000e+00 -1.0708720e-08 9.9100000e+37 1.5102540e+01 2.0486000e+04
-3.0400000e+00 -1.0504190e-08 9.9100000e+37 1.5705080e+01 2.0486000e+04
-3.0000000e+00 -1.0413470e-08 9.9100000e+37 1.6307620e+01 2.0486000e+04
-2.9600000e+00 -1.0361250e-08 9.9100000e+37 1.6911130e+01 2.0486000e+04
-2.9200000e+00 -1.0342680e-08 9.9100000e+37 1.7513670e+01 2.0486000e+04
-2.8800000e+00 -1.0232370e-08 9.9100000e+37 1.8117190e+01 2.0486000e+04
-2.8400000e+00 -1.0088870e-08 9.9100000e+37 1.8719730e+01 2.0486000e+04
-2.8000000e+00 -9.5905960e-09 9.9100000e+37 1.9942380e+01 2.0486000e+04
-2.7600000e+00 -9.5860610e-09 9.9100000e+37 2.0544920e+01 2.0486000e+04
-2.7200000e+00 -9.5782870e-09 9.9100000e+37 2.1148440e+01 2.0486000e+04
-2.6800000e+00 -9.5907580e-09 9.9100000e+37 2.1750980e+01 2.0486000e+04
-2.6400000e+00 -9.2395830e-09 9.9100000e+37 2.4194340e+01 2.0486000e+04
-2.6000000e+00 -8.8057130e-09 9.9100000e+37 2.5416020e+01 2.0486000e+04
-2.5600000e+00 -9.0145470e-09 9.9100000e+37 2.7859380e+01 2.0486000e+04
-2.5200000e+00 -8.5444980e-09 9.9100000e+37 2.9081050e+01 2.0486000e+04
-2.4800000e+00 -8.5160950e-09 9.9100000e+37 2.9683590e+01 2.0486000e+04
-2.4400000e+00 -8.4401770e-09 9.9100000e+37 3.0287110e+01 2.0486000e+04
-2.4000000e+00 -8.2119260e-09 9.9100000e+37 3.0889650e+01 2.0486000e+04
-2.3600000e+00 -7.9961810e-09 9.9100000e+37 3.1493160e+01 2.0486000e+04
-2.3200000e+00 -7.7062600e-09 9.9100000e+37 3.2095700e+01 2.0486000e+04
-2.2800000e+00 -7.2819310e-09 9.9100000e+37 3.2699220e+01 2.0486000e+04
-2.2400000e+00 -6.9183330e-09 9.9100000e+37 3.3301760e+01 2.0486000e+04
-2.2000000e+00 -6.5754590e-09 9.9100000e+37 3.3905270e+01 2.0486000e+04
-2.1600000e+00 -6.1651040e-09 9.9100000e+37 3.4507810e+01 2.0486000e+04
-2.1200000e+00 -5.6456860e-09 9.9100000e+37 3.5111330e+01 2.0486000e+04
-2.0800000e+00 -5.3284030e-09 9.9100000e+37 3.5713870e+01 2.0486000e+04
-2.0400000e+00 -4.9649620e-09 9.9100000e+37 3.6317380e+01 2.0486000e+04
-2.0000000e+00 -4.5913960e-09 9.9100000e+37 3.6919920e+01 2.0486000e+04
-1.9600000e+00 -4.1567240e-09 9.9100000e+37 3.7523440e+01 2.0486000e+04
-1.9200000e+00 -3.7315050e-09 9.9100000e+37 3.8125980e+01 2.0486000e+04
-1.8800000e+00 -3.3544720e-09 9.9100000e+37 3.8729490e+01 2.0486000e+04
-1.8400000e+00 -2.9609170e-09 9.9100000e+37 3.9332030e+01 2.0486000e+04
-1.8000000e+00 -2.5831890e-09 9.9100000e+37 3.9935550e+01 2.0486000e+04
-1.7600000e+00 -2.2920490e-09 9.9100000e+37 4.0538090e+01 2.0486000e+04
-1.7200000e+00 -2.0134760e-09 9.9100000e+37 4.1141600e+01 2.0486000e+04
-1.6800000e+00 -1.7105900e-09 9.9100000e+37 4.1744140e+01 2.0486000e+04
-1.6400000e+00 -1.5088010e-09 9.9100000e+37 4.2347660e+01 2.0486000e+04
-1.6000000e+00 -1.2996800e-09 9.9100000e+37 4.2950200e+01 2.0486000e+04
-1.5600000e+00 -1.0983750e-09 9.9100000e+37 4.3553710e+01 2.0486000e+04
-1.5200000e+00 -7.7188580e-10 9.9100000e+37 4.4815430e+01 2.0486000e+04
-1.4800000e+00 -6.8993140e-10 9.9100000e+37 4.5417970e+01 2.0486000e+04
-1.4400000e+00 -5.9920700e-10 9.9100000e+37 4.6021480e+01 2.0486000e+04
-1.4000000e+00 -5.2045360e-10 9.9100000e+37 4.6625000e+01 2.0486000e+04
-1.3600000e+00 -4.4286320e-10 9.9100000e+37 4.7228520e+01 2.0486000e+04
-1.3200000e+00 -3.7470530e-10 9.9100000e+37 4.7832030e+01 2.0486000e+04
-1.2800000e+00 -3.1785150e-10 9.9100000e+37 4.8435550e+01 2.0486000e+04
-1.2400000e+00 -2.6795240e-10 9.9100000e+37 4.9039060e+01 2.0486000e+04
-1.2000000e+00 -2.2403920e-10 9.9100000e+37 4.9641600e+01 2.0486000e+04
-1.1600000e+00 -1.8994850e-10 9.9100000e+37 5.0245120e+01 2.0486000e+04
-1.1200000e+00 -1.6032570e-10 9.9100000e+37 5.0848630e+01 2.0486000e+04
-1.0800000e+00 -1.3629040e-10 9.9100000e+37 5.1452150e+01 2.0486000e+04
-1.0400000e+00 -1.1721940e-10 9.9100000e+37 5.2055660e+01 2.0486000e+04
-1.0000000e+00 -7.7723240e-11 9.9100000e+37 5.4672850e+01 2.0486000e+04
-9.6000000e-01 -6.1390090e-11 9.9100000e+37 5.6482420e+01 2.0486000e+04
-9.2000000e-01 -5.1542140e-11 9.9100000e+37 5.8291990e+01 2.0486000e+04
-8.8000000e-01 -4.7025810e-11 9.9100000e+37 6.0100590e+01 2.0486000e+04
-8.4000000e-01 -4.4980760e-11 9.9100000e+37 6.1910160e+01 2.0486000e+04
-8.0000000e-01 -4.2768410e-11 9.9100000e+37 6.3719730e+01 2.0486000e+04
-7.6000000e-01 -3.8829870e-11 9.9100000e+37 6.5529300e+01 2.0486000e+04
-7.2000000e-01 -3.5179960e-11 9.9100000e+37 6.7338870e+01 2.0486000e+04
-6.8000000e-01 -3.1443820e-11 9.9100000e+37 6.9148440e+01 2.0486000e+04
-6.4000000e-01 -2.6974330e-11 9.9100000e+37 7.0958010e+01 2.0486000e+04
-6.0000000e-01 -2.2892660e-11 9.9100000e+37 7.2767580e+01 2.0486000e+04
-5.6000000e-01 -2.0019740e-11 9.9100000e+37 7.4576170e+01 2.0486000e+04
-5.2000000e-01 -1.6532460e-11 9.9100000e+37 7.6385740e+01 2.0486000e+04
-4.8000000e-01 -1.3405380e-11 9.9100000e+37 7.8195310e+01 2.0486000e+04
-4.4000000e-01 -1.0938160e-11 9.9100000e+37 8.0004880e+01 2.0486000e+04
-4.0000000e-01 -8.4680550e-12 9.9100000e+37 8.1814450e+01 2.0486000e+04
-3.6000000e-01 -6.6673050e-12 9.9100000e+37 8.3624020e+01 2.0486000e+04
-3.2000000e-01 -4.9834550e-12 9.9100000e+37 8.5433590e+01 2.0486000e+04
-2.8000000e-01 -3.6347750e-12 9.9100000e+37 8.7243160e+01 2.0486000e+04
-2.4000000e-01 -2.5054800e-12 9.9100000e+37 8.9051760e+01 2.0486000e+04
-2.0000000e-01 -1.7425730e-12 9.9100000e+37 9.0861330e+01 2.0486000e+04
-1.6000000e-01 -1.0871090e-12 9.9100000e+37 9.2670900e+01 2.0486000e+04
-1.2000000e-01 -5.9068140e-13 9.9100000e+37 9.4480470e+01 2.0486000e+04
-8.0000000e-02 -2.2573270e-13 9.9100000e+37 9.6290040e+01 2.0486000e+04
-4.0000000e-02 3.9752950e-14 9.9100000e+37 9.8099610e+01 2.0486000e+04
0.0000000e+00 2.6442830e-13 9.9100000e+37 9.9909180e+01 2.0486000e+04
4.0000000e-02 4.5921100e-13 9.9100000e+37 1.0171870e+02 2.0486000e+04
8.0000000e-02 5.9266820e-13 9.9100000e+37 1.0352730e+02 2.0486000e+04
1.2000000e-01 7.7535150e-13 9.9100000e+37 1.0533690e+02 2.0486000e+04
1.6000000e-01 8.7841850e-13 9.9100000e+37 1.0714650e+02 2.0486000e+04
2.0000000e-01 1.1015590e-12 9.9100000e+37 1.0895610e+02 2.0486000e+04
2.4000000e-01 1.2738800e-12 9.9100000e+37 1.1076560e+02 2.0486000e+04
2.8000000e-01 1.5254740e-12 9.9100000e+37 1.1257520e+02 2.0486000e+04
3.2000000e-01 1.8535680e-12 9.9100000e+37 1.1438380e+02 2.0486000e+04
3.6000000e-01 2.4208610e-12 9.9100000e+37 1.1619340e+02 2.0486000e+04
4.0000000e-01 2.8969040e-12 9.9100000e+37 1.1800290e+02 2.0486000e+04
4.4000000e-01 3.5411160e-12 9.9100000e+37 1.1981250e+02 2.0486000e+04
4.8000000e-01 4.4793880e-12 9.9100000e+37 1.2162210e+02 2.0486000e+04
5.2000000e-01 5.5741690e-12 9.9100000e+37 1.2343160e+02 2.0486000e+04
5.6000000e-01 6.7111410e-12 9.9100000e+37 1.2524120e+02 2.0486000e+04
6.0000000e-01 8.0911780e-12 9.9100000e+37 1.2704980e+02 2.0486000e+04
6.4000000e-01 9.7392800e-12 9.9100000e+37 1.2885940e+02 2.0486000e+04
6.8000000e-01 1.1656940e-11 9.9100000e+37 1.3066890e+02 2.0486000e+04
7.2000000e-01 1.3920690e-11 9.9100000e+37 1.3247850e+02 2.0486000e+04
7.6000000e-01 1.6363430e-11 9.9100000e+37 1.3428810e+02 2.0486000e+04
8.0000000e-01 1.9684590e-11 9.9100000e+37 1.3609770e+02 2.0486000e+04
8.4000000e-01 2.2339110e-11 9.9100000e+37 1.3790720e+02 2.0486000e+04
8.8000000e-01 2.5998750e-11 9.9100000e+37 1.3971580e+02 2.0486000e+04
9.2000000e-01 3.0331530e-11 9.9100000e+37 1.4152540e+02 2.0486000e+04
9.6000000e-01 3.4284460e-11 9.9100000e+37 1.4333500e+02 2.0486000e+04
1.0000000e+00 3.7650860e-11 9.9100000e+37 1.4514450e+02 2.0486000e+04
1.0400000e+00 4.3638670e-11 9.9100000e+37 1.4695410e+02 2.0486000e+04
1.0800000e+00 4.9745840e-11 9.9100000e+37 1.4876370e+02 2.0486000e+04
1.1200000e+00 5.4928070e-11 9.9100000e+37 1.5057320e+02 2.0486000e+04
1.1600000e+00 6.3934440e-11 9.9100000e+37 1.5238180e+02 2.0486000e+04
1.2000000e+00 7.0459530e-11 9.9100000e+37 1.5419140e+02 2.0486000e+04
1.2400000e+00 7.7467980e-11 9.9100000e+37 1.5600100e+02 2.0486000e+04
1.2800000e+00 8.6929510e-11 9.9100000e+37 1.5908300e+02 2.0486000e+04
1.3200000e+00 9.7106950e-11 9.9100000e+37 1.6176660e+02 2.0486000e+04
1.3600000e+00 1.0735330e-10 9.9100000e+37 1.6237010e+02 2.0486000e+04
1.4000000e+00 1.1612060e-10 9.9100000e+37 1.6297360e+02 2.0486000e+04
1.4400000e+00 1.2238620e-10 9.9100000e+37 1.6357620e+02 2.0486000e+04
1.4800000e+00 1.2893200e-10 9.9100000e+37 1.6417970e+02 2.0486000e+04
1.5200000e+00 1.3613660e-10 9.9100000e+37 1.6478320e+02 2.0486000e+04
1.5600000e+00 1.4178260e-10 9.9100000e+37 1.6538670e+02 2.0486000e+04
1.6000000e+00 1.5004570e-10 9.9100000e+37 1.6599020e+02 2.0486000e+04
1.6400000e+00 1.6140740e-10 9.9100000e+37 1.6659380e+02 2.0486000e+04
1.6800000e+00 1.7618280e-10 9.9100000e+37 1.6719730e+02 2.0486000e+04
1.7200000e+00 2.0945170e-10 9.9100000e+37 1.6780080e+02 2.0486000e+04
1.7600000e+00 2.6017120e-10 9.9100000e+37 1.6840430e+02 2.0486000e+04
1.8000000e+00 3.4408860e-10 9.9100000e+37 1.6900680e+02 2.0486000e+04
1.8400000e+00 4.5251410e-10 9.9100000e+37 1.6961040e+02 2.0486000e+04
1.8800000e+00 9.9746140e-10 9.9100000e+37 1.7145510e+02 2.0486000e+04
1.9200000e+00 1.2396020e-09 9.9100000e+37 1.7205760e+02 2.0486000e+04
1.9600000e+00 1.5331690e-09 9.9100000e+37 1.7266110e+02 2.0486000e+04
2.0000000e+00 1.9058550e-09 9.9100000e+37 1.7326370e+02 2.0486000e+04
2.0400000e+00 2.3776460e-09 9.9100000e+37 1.7386720e+02 2.0486000e+04
2.0800000e+00 2.7684350e-09 9.9100000e+37 1.7446970e+02 2.0486000e+04
2.1200000e+00 3.3304890e-09 9.9100000e+37 1.7507320e+02 2.0486000e+04
2.1600000e+00 3.8711120e-09 9.9100000e+37 1.7567580e+02 2.0486000e+04
2.2000000e+00 4.4283520e-09 9.9100000e+37 1.7627930e+02 2.0486000e+04
2.2400000e+00 4.9418230e-09 9.9100000e+37 1.7688280e+02 2.0486000e+04
2.2800000e+00 5.5106890e-09 9.9100000e+37 1.7748540e+02 2.0486000e+04
2.3200000e+00 6.1766590e-09 9.9100000e+37 1.7808890e+02 2.0486000e+04
2.3600000e+00 6.8046260e-09 9.9100000e+37 1.7869140e+02 2.0486000e+04
2.4000000e+00 7.3658690e-09 9.9100000e+37 1.7929490e+02 2.0486000e+04
2.4400000e+00 8.0791460e-09 9.9100000e+37 1.7989750e+02 2.0486000e+04
2.4800000e+00 8.4162540e-09 9.9100000e+37 1.8050100e+02 2.0486000e+04
2.5200000e+00 8.6007090e-09 9.9100000e+37 1.8110350e+02 2.0486000e+04
2.5600000e+00 8.7016610e-09 9.9100000e+37 1.8170700e+02 2.0486000e+04
2.6000000e+00 9.3532330e-09 9.9100000e+37 1.8354200e+02 2.0486000e+04
2.6400000e+00 9.1666020e-09 9.9100000e+37 1.8476370e+02 2.0486000e+04
2.6800000e+00 9.2102830e-09 9.9100000e+37 1.8536620e+02 2.0486000e+04
2.7200000e+00 9.6941370e-09 9.9100000e+37 1.8720120e+02 2.0486000e+04
2.7600000e+00 9.3690070e-09 9.9100000e+37 1.8842290e+02 2.0486000e+04
2.8000000e+00 9.4556350e-09 9.9100000e+37 1.8902640e+02 2.0486000e+04
2.8400000e+00 9.9284250e-09 9.9100000e+37 1.9086130e+02 2.0486000e+04
2.8800000e+00 9.5923310e-09 9.9100000e+37 1.9208300e+02 2.0486000e+04
2.9200000e+00 9.9959730e-09 9.9100000e+37 1.9391800e+02 2.0486000e+04
2.9600000e+00 1.0100740e-08 9.9100000e+37 1.9452050e+02 2.0486000e+04
3.0000000e+00 1.0279320e-08 9.9100000e+37 1.9512400e+02 2.0486000e+04
3.0400000e+00 1.0231650e-08 9.9100000e+37 1.9572660e+02 2.0486000e+04
3.0800000e+00 1.0338750e-08 9.9100000e+37 1.9633010e+02 2.0486000e+04
3.1200000e+00 1.0441550e-08 9.9100000e+37 1.9693260e+02 2.0486000e+04
3.1600000e+00 1.0485530e-08 9.9100000e+37 1.9753610e+02 2.0486000e+04
3.2000000e+00 1.0591880e-08 9.9100000e+37 1.9813870e+02 2.0486000e+04
3.2400000e+00 1.0588920e-08 9.9100000e+37 1.9874220e+02 2.0486000e+04
3.2800000e+00 1.0662360e-08 9.9100000e+37 1.9934470e+02 2.0486000e+04
3.3200000e+00 1.0644800e-08 9.9100000e+37 1.9994820e+02 2.0486000e+04
3.3600000e+00 1.0911370e-08 9.9100000e+37 2.0055080e+02 2.0486000e+04
3.4000000e+00 1.0827200e-08 9.9100000e+37 2.0115430e+02 2.0486000e+04
3.4400000e+00 1.0982480e-08 9.9100000e+37 2.0175680e+02 2.0486000e+04
3.4800000e+00 1.0972320e-08 9.9100000e+37 2.0236040e+02 2.0486000e+04
3.5200000e+00 1.1089640e-08 9.9100000e+37 2.0296290e+02 2.0486000e+04
3.5600000e+00 1.1061180e-08 9.9100000e+37 2.0356640e+02 2.0486000e+04
3.6000000e+00 1.1064480e-08 9.9100000e+37 2.0416890e+02 2.0486000e+04
3.6400000e+00 1.1125520e-08 9.9100000e+37 2.0477250e+02 2.0486000e+04
3.6800000e+00 1.1125900e-08 9.9100000e+37 2.0537500e+02 2.0486000e+04
3.7200000e+00 1.1150110e-08 9.9100000e+37 2.0597850e+02 2.0486000e+04
3.7600000e+00 1.1171420e-08 9.9100000e+37 2.0658110e+02 2.0486000e+04
3.8000000e+00 1.1178220e-08 9.9100000e+37 2.0718460e+02 2.0486000e+04
3.8400000e+00 1.1203990e-08 9.9100000e+37 2.0778710e+02 2.0486000e+04
3.8800000e+00 1.1202280e-08 9.9100000e+37 2.0839060e+02 2.0486000e+04
3.9200000e+00 1.1192230e-08 9.9100000e+37 2.0899320e+02 2.0486000e+04
3.9600000e+00 1.1236200e-08 9.9100000e+37 2.0959670e+02 2.0486000e+04
4.0000000e+00 1.1210190e-08 9.9100000e+37 2.1019920e+02 2.0486000e+04
