4.0000000e+00 1.7177690e-09 9.9100000e+37 0.0000000e+00 2.0486000e+04
3.9600000e+00 1.7843850e-09 9.9100000e+37 6.0253910e-01 2.0486000e+04
3.9200000e+00 1.8453330e-09 9.9100000e+37 1.2060550e+00 2.0486000e+04
3.8800000e+00 1.9253700e-09 9.9100000e+37 1.8085940e+00 2.0486000e+04
3.8400000e+00 1.9903330e-09 9.9100000e+37 2.4121090e+00 2.0486000e+04
3.8000000e+00 2.0620260e-09 9.9100000e+37 3.0146480e+00 2.0486000e+04
3.7600000e+00 2.0968090e-09 9.9100000e+37 3.6181640e+00 2.0486000e+04
3.7200000e+00 2.1496330e-09 9.9100000e+37 4.2207030e+00 2.0486000e+04
3.6800000e+00 2.1567110e-09 9.9100000e+37 4.8242190e+00 2.0486000e+04
3.6400000e+00 2.1783350e-09 9.9100000e+37 5.4267580e+00 2.0486000e+04
3.6000000e+00 2.1518860e-09 9.9100000e+37 6.0302730e+00 2.0486000e+04
3.5600000e+00 2.2087370e-09 9.9100000e+37 6.6328130e+00 2.0486000e+04
3.5200000e+00 2.1786900e-09 9.9100000e+37 7.2363280e+00 2.0486000e+04
3.4800000e+00 2.1850910e-09 9.9100000e+37 7.8388670e+00 2.0486000e+04
3.4400000e+00 2.1656510e-09 9.9100000e+37 8.4423830e+00 2.0486000e+04
3.4000000e+00 2.2077930e-09 9.9100000e+37 9.0449220e+00 2.0486000e+04
3.3600000e+00 2.2184410e-09 9.9100000e+37 9.6484380e+00 2.0486000e+04
3.3200000e+00 2.2568140e-09 9.9100000e+37 1.0250980e+01 2.0486000e+04
3.2800000e+00 2.1848210e-09 9.9100000e+37 1.0854490e+01 2.0486000e+04
3.2400000e+00 2.2294140e-09 9.9100000e+37 1.1457030e+01 2.0486000e+04
3.2000000e+00 2.2062220e-09 9.9100000e+37 1.2060550e+01 2.0486000e+04
3.1600000e+00 2.2635300e-09 9.9100000e+37 1.2663090e+01 2.0486000e+04
3.1200000e+00 2.1739760e-09 9.9100000e+37 1.3266600e+01 2.0486000e+04
3.0800000e+00 2.2093250e-09 9.9100000e+37 1.3869140e+01 2.0486000e+04
3.0400000e+00 2.1467110e-09 9.9100000e+37 1.4472660e+01 2.0486000e+04
3.0000000e+00 2.1342190e-09 9.9100000e+37 1.5075200e+01 2.0486000e+04
2.9600000e+00 2.1368710e-09 9.9100000e+37 1.5678710e+01 2.0486000e+04
2.9200000e+00 2.0889120e-09 9.9100000e+37 1.6281250e+01 2.0486000e+04
2.8800000e+00 2.0673240e-09 9.9100000e+37 1.6884770e+01 2.0486000e+04
2.8400000e+00 2.0198970e-09 9.9100000e+37 1.7487300e+01 2.0486000e+04
2.8000000e+00 1.9661180e-09 9.9100000e+37 1.8090820e+01 2.0486000e+04
2.7600000e+00 1.9967640e-09 9.9100000e+37 1.8693360e+01 2.0486000e+04
2.7200000e+00 1.9576270e-09 9.9100000e+37 1.9296880e+01 2.0486000e+04
2.6800000e+00 1.9027270e-09 9.9100000e+37 1.9899410e+01 2.0486000e+04
2.6400000e+00 1.9367670e-09 9.9100000e+37 2.0502930e+01 2.0486000e+04
2.6000000e+00 1.9109930e-09 9.9100000e+37 2.1105470e+01 2.0486000e+04
2.5600000e+00 1.8603110e-09 9.9100000e+37 2.1708980e+01 2.0486000e+04
2.5200000e+00 1.7936400e-09 9.9100000e+37 2.2311520e+01 2.0486000e+04
2.4800000e+00 1.7631440e-09 9.9100000e+37 2.2915040e+01 2.0486000e+04
2.4400000e+00 1.7575740e-09 9.9100000e+37 2.3517580e+01 2.0486000e+04
2.4000000e+00 1.6565120e-09 9.9100000e+37 2.4121090e+01 2.0486000e+04
2.3600000e+00 1.6482800e-09 9.9100000e+37 2.4723630e+01 2.0486000e+04
2.3200000e+00 1.6198140e-09 9.9100000e+37 2.5327150e+01 2.0486000e+04
2.2800000e+00 1.5934860e-09 9.9100000e+37 2.5929690e+01 2.0486000e+04
2.2400000e+00 1.5785510e-09 9.9100000e+37 2.6533200e+01 2.0486000e+04
2.2000000e+00 1.5678860e-09 9.9100000e+37 2.7135740e+01 2.0486000e+04
2.1600000e+00 1.5739500e-09 9.9100000e+37 2.7739260e+01 2.0486000e+04
2.1200000e+00 1.4984580e-09 9.9100000e+37 2.8341800e+01 2.0486000e+04
2.0800000e+00 1.4185510e-09 9.9100000e+37 2.8945310e+01 2.0486000e+04
2.0400000e+00 1.3660920e-09 9.9100000e+37 2.9547850e+01 2.0486000e+04
2.0000000e+00 1.3393670e-09 9.9100000e+37 3.0151370e+01 2.0486000e+04
1.9600000e+00 1.3437710e-09 9.9100000e+37 3.0753910e+01 2.0486000e+04
1.9200000e+00 1.2860350e-09 9.9100000e+37 3.1357420e+01 2.0486000e+04
1.8800000e+00 1.2532400e-09 9.9100000e+37 3.1959960e+01 2.0486000e+04
1.8400000e+00 1.2112740e-09 9.9100000e+37 3.2563480e+01 2.0486000e+04
1.8000000e+00 1.1737660e-09 9.9100000e+37 3.3166020e+01 2.0486000e+04
1.7600000e+00 1.1325550e-09 9.9100000e+37 3.3769530e+01 2.0486000e+04
1.7200000e+00 1.1468380e-09 9.9100000e+37 3.4372070e+01 2.0486000e+04
1.6800000e+00 1.0850120e-09 9.9100000e+37 3.4975590e+01 2.0486000e+04
1.6400000e+00 1.0072210e-09 9.9100000e+37 3.5578120e+01 2.0486000e+04
1.6000000e+00 9.8782270e-10 9.9100000e+37 3.8081050e+01 2.0486000e+04
1.5600000e+00 9.3410520e-10 9.9100000e+37 4.0583980e+01 2.0486000e+04
1.5200000e+00 8.0699330e-10 9.9100000e+37 4.1845700e+01 2.0486000e+04
1.4800000e+00 8.0160840e-10 9.9100000e+37 4.2449220e+01 2.0486000e+04
1.4400000e+00 7.9940050e-10 9.9100000e+37 4.3051760e+01 2.0486000e+04
1.4000000e+00 7.8387320e-10 9.9100000e+37 4.3655270e+01 2.0486000e+04
1.3600000e+00 7.7409960e-10 9.9100000e+37 4.4258790e+01 2.0486000e+04
1.3200000e+00 7.6144300e-10 9.9100000e+37 4.4862300e+01 2.0486000e+04
1.2800000e+00 7.4068290e-10 9.9100000e+37 4.5465820e+01 2.0486000e+04
1.2400000e+00 7.2397570e-10 9.9100000e+37 4.6069340e+01 2.0486000e+04
1.2000000e+00 6.8029040e-10 9.9100000e+37 4.6672850e+01 2.0486000e+04
1.1600000e+00 6.4741010e-10 9.9100000e+37 4.7276370e+01 2.0486000e+04
1.1200000e+00 6.1091520e-10 9.9100000e+37 4.7878910e+01 2.0486000e+04
1.0800000e+00 5.7823190e-10 9.9100000e+37 4.8482420e+01 2.0486000e+04
1.0400000e+00 5.5751240e-10 9.9100000e+37 4.9085940e+01 2.0486000e+04
1.0000000e+00 5.3025110e-10 9.9100000e+37 4.9689450e+01 2.0486000e+04
9.6000000e-01 4.8894160e-10 9.9100000e+37 5.0292970e+01 2.0486000e+04
9.2000000e-01 4.6763590e-10 9.9100000e+37 5.0896480e+01 2.0486000e+04
8.8000000e-01 4.4304970e-10 9.9100000e+37 5.1500000e+01 2.0486000e+04
8.4000000e-01 4.0040880e-10 9.9100000e+37 5.2103520e+01 2.0486000e+04
8.0000000e-01 3.7804900e-10 9.9100000e+37 5.2707030e+01 2.0486000e+04
7.6000000e-01 3.4430070e-10 9.9100000e+37 5.3310550e+01 2.0486000e+04
7.2000000e-01 3.1488000e-10 9.9100000e+37 5.3913090e+01 2.0486000e+04
6.8000000e-01 2.9091440e-10 9.9100000e+37 5.4516600e+01 2.0486000e+04
6.4000000e-01 2.7432270e-10 9.9100000e+37 5.5120120e+01 2.0486000e+04
6.0000000e-01 2.5205580e-10 9.9100000e+37 5.5723630e+01 2.0486000e+04
5.6000000e-01 2.3045740e-10 9.9100000e+37 5.6327150e+01 2.0486000e+04
5.2000000e-01 2.0372100e-10 9.9100000e+37 5.6930660e+01 2.0486000e+04
4.8000000e-01 1.8165890e-10 9.9100000e+37 5.7534180e+01 2.0486000e+04
4.4000000e-01 1.6728880e-10 9.9100000e+37 5.8137700e+01 2.0486000e+04
4.0000000e-01 1.4473640e-10 9.9100000e+37 5.8741210e+01 2.0486000e+04
3.6000000e-01 1.2556140e-10 9.9100000e+37 5.9344730e+01 2.0486000e+04
3.2000000e-01 1.0666880e-10 9.9100000e+37 5.9947270e+01 2.0486000e+04
2.8000000e-01 8.4408950e-11 9.9100000e+37 6.2631840e+01 2.0486000e+04
2.4000000e-01 6.9217150e-11 9.9100000e+37 6.5248050e+01 2.0486000e+04
2.0000000e-01 5.3427410e-11 9.9100000e+37 6.7057620e+01 2.0486000e+04
1.6000000e-01 3.9832030e-11 9.9100000e+37 6.8867190e+01 2.0486000e+04
1.2000000e-01 2.7407890e-11 9.9100000e+37 7.0676760e+01 2.0486000e+04
8.0000000e-02 1.5953990e-11 9.9100000e+37 7.2486330e+01 2.0486000e+04
4.0000000e-02 6.7949760e-12 9.9100000e+37 7.4295900e+01 2.0486000e+04
0.0000000e+00 -1.3814140e-12 9.9100000e+37 7.6105470e+01 2.0486000e+04
-4.0000000e-02 -9.1235460e-12 9.9100000e+37 7.7915040e+01 2.0486000e+04
-8.0000000e-02 -1.6661580e-11 9.9100000e+37 7.9723630e+01 2.0486000e+04
-1.2000000e-01 -2.3174480e-11 9.9100000e+37 8.1533200e+01 2.0486000e+04
-1.6000000e-01 -2.9929480e-11 9.9100000e+37 8.3342770e+01 2.0486000e+04
-2.0000000e-01 -3.6172150e-11 9.9100000e+37 8.5152340e+01 2.0486000e+04
-2.4000000e-01 -4.3186080e-11 9.9100000e+37 8.6961910e+01 2.0486000e+04
-2.8000000e-01 -5.0178430e-11 9.9100000e+37 8.8771480e+01 2.0486000e+04
-3.2000000e-01 -5.5957370e-11 9.9100000e+37 9.0581050e+01 2.0486000e+04
-3.6000000e-01 -6.2775040e-11 9.9100000e+37 9.2390630e+01 2.0486000e+04
-4.0000000e-01 -6.7797610e-11 9.9100000e+37 9.4200200e+01 2.0486000e+04
-4.4000000e-01 -7.3770050e-11 9.9100000e+37 9.6008790e+01 2.0486000e+04
-4.8000000e-01 -7.9716980e-11 9.9100000e+37 9.8488280e+01 2.0486000e+04
-5.2000000e-01 -8.4922930e-11 9.9100000e+37 1.0117190e+02 2.0486000e+04
-5.6000000e-01 -8.1090630e-11 9.9100000e+37 1.0378910e+02 2.0486000e+04
-6.0000000e-01 -9.5782780e-11 9.9100000e+37 1.0626860e+02 2.0486000e+04
-6.4000000e-01 -1.0209340e-10 9.9100000e+37 1.0687110e+02 2.0486000e+04
-6.8000000e-01 -1.0955870e-10 9.9100000e+37 1.0747460e+02 2.0486000e+04
-7.2000000e-01 -1.1379770e-10 9.9100000e+37 1.0807810e+02 2.0486000e+04
-7.6000000e-01 -1.2185060e-10 9.9100000e+37 1.0868160e+02 2.0486000e+04
-8.0000000e-01 -1.2635000e-10 9.9100000e+37 1.0928520e+02 2.0486000e+04
-8.4000000e-01 -1.3361900e-10 9.9100000e+37 1.0988870e+02 2.0486000e+04
-8.8000000e-01 -1.3831230e-10 9.9100000e+37 1.1049220e+02 2.0486000e+04
-9.2000000e-01 -1.4935540e-10 9.9100000e+37 1.1109570e+02 2.0486000e+04
-9.6000000e-01 -1.5369770e-10 9.9100000e+37 1.1169920e+02 2.0486000e+04
-1.0000000e+00 -1.6156370e-10 9.9100000e+37 1.1230180e+02 2.0486000e+04
-1.0400000e+00 -1.6843600e-10 9.9100000e+37 1.1290530e+02 2.0486000e+04
-1.0800000e+00 -1.7467880e-10 9.9100000e+37 1.1350880e+02 2.0486000e+04
-1.1200000e+00 -1.7920150e-10 9.9100000e+37 1.1411230e+02 2.0486000e+04
-1.1600000e+00 -1.7982010e-10 9.9100000e+37 1.1471580e+02 2.0486000e+04
-1.2000000e+00 -1.9408270e-10 9.9100000e+37 1.1531930e+02 2.0486000e+04
-1.2400000e+00 -1.9876290e-10 9.9100000e+37 1.1592290e+02 2.0486000e+04
-1.2800000e+00 -2.0694800e-10 9.9100000e+37 1.1652640e+02 2.0486000e+04
-1.3200000e+00 -2.1431160e-10 9.9100000e+37 1.1712990e+02 2.0486000e+04
-1.3600000e+00 -2.2738970e-10 9.9100000e+37 1.1773340e+02 2.0486000e+04
-1.4000000e+00 -2.2608560e-10 9.9100000e+37 1.1833690e+02 2.0486000e+04
-1.4400000e+00 -2.3134270e-10 9.9100000e+37 1.1893950e+02 2.0486000e+04
-1.4800000e+00 -2.4054960e-10 9.9100000e+37 1.1954300e+02 2.0486000e+04
-1.5200000e+00 -2.4658090e-10 9.9100000e+37 1.2014650e+02 2.0486000e+04
-1.5600000e+00 -2.5140170e-10 9.9100000e+37 1.2075000e+02 2.0486000e+04
-1.6000000e+00 -2.5945170e-10 9.9100000e+37 1.2135350e+02 2.0486000e+04
-1.6400000e+00 -2.6639160e-10 9.9100000e+37 1.2195700e+02 2.0486000e+04
-1.6800000e+00 -2.8093580e-10 9.9100000e+37 1.2256050e+02 2.0486000e+04
-1.7200000e+00 -2.8436610e-10 9.9100000e+37 1.2316410e+02 2.0486000e+04
-1.7600000e+00 -2.8812570e-10 9.9100000e+37 1.2376760e+02 2.0486000e+04
-1.8000000e+00 -2.9850750e-10 9.9100000e+37 1.2437110e+02 2.0486000e+04
-1.8400000e+00 -3.0198490e-10 9.9100000e+37 1.2497460e+02 2.0486000e+04
-1.8800000e+00 -3.1174030e-10 9.9100000e+37 1.2557710e+02 2.0486000e+04
-1.9200000e+00 -3.2038870e-10 9.9100000e+37 1.2618070e+02 2.0486000e+04
-1.9600000e+00 -3.2366260e-10 9.9100000e+37 1.2678420e+02 2.0486000e+04
-2.0000000e+00 -3.3096130e-10 9.9100000e+37 1.2738770e+02 2.0486000e+04
-2.0400000e+00 -3.3787610e-10 9.9100000e+37 1.2799120e+02 2.0486000e+04
-2.0800000e+00 -3.5213990e-10 9.9100000e+37 1.2859470e+02 2.0486000e+04
-2.1200000e+00 -3.5609310e-10 9.9100000e+37 1.2919820e+02 2.0486000e+04
-2.1600000e+00 -3.6835300e-10 9.9100000e+37 1.2980180e+02 2.0486000e+04
-2.2000000e+00 -3.7575670e-10 9.9100000e+37 1.3040530e+02 2.0486000e+04
-2.2400000e+00 -3.8156890e-10 9.9100000e+37 1.3100880e+02 2.0486000e+04
-2.2800000e+00 -3.9986260e-10 9.9100000e+37 1.3161130e+02 2.0486000e+04
-2.3200000e+00 -3.9755870e-10 9.9100000e+37 1.3221480e+02 2.0486000e+04
-2.3600000e+00 -4.0795310e-10 9.9100000e+37 1.3281840e+02 2.0486000e+04
-2.4000000e+00 -4.0915560e-10 9.9100000e+37 1.3342190e+02 2.0486000e+04
-2.4400000e+00 -4.1362870e-10 9.9100000e+37 1.3402540e+02 2.0486000e+04
-2.4800000e+00 -4.2819220e-10 9.9100000e+37 1.3462890e+02 2.0486000e+04
-2.5200000e+00 -4.3332040e-10 9.9100000e+37 1.3523240e+02 2.0486000e+04
-2.5600000e+00 -4.3564020e-10 9.9100000e+37 1.3583590e+02 2.0486000e+04
-2.6000000e+00 -4.5829710e-10 9.9100000e+37 1.3643950e+02 2.0486000e+04
-2.6400000e+00 -4.8265310e-10 9.9100000e+37 1.3704300e+02 2.0486000e+04
-2.6800000e+00 -4.8524660e-10 9.9100000e+37 1.3764650e+02 2.0486000e+04
-2.7200000e+00 -4.9574790e-10 9.9100000e+37 1.3824900e+02 2.0486000e+04
-2.7600000e+00 -5.0024170e-10 9.9100000e+37 1.3885250e+02 2.0486000e+04
-2.8000000e+00 -5.1076090e-10 9.9100000e+37 1.3945610e+02 2.0486000e+04
-2.8400000e+00 -5.2851170e-10 9.9100000e+37 1.4005960e+02 2.0486000e+04
-2.8800000e+00 -5.4146320e-10 9.9100000e+37 1.4066310e+02 2.0486000e+04
-2.9200000e+00 -5.5088100e-10 9.9100000e+37 1.4126660e+02 2.0486000e+04
-2.9600000e+00 -5.8095410e-10 9.9100000e+37 1.4187010e+02 2.0486000e+04
-3.0000000e+00 -5.8753770e-10 9.9100000e+37 1.4247360e+02 2.0486000e+04
-3.0400000e+00 -6.0583420e-10 9.9100000e+37 1.4307710e+02 2.0486000e+04
-3.0800000e+00 -6.2245140e-10 9.9100000e+37 1.4367970e+02 2.0486000e+04
-3.1200000e+00 -6.4082480e-10 9.9100000e+37 1.4428320e+02 2.0486000e+04
-3.1600000e+00 -6.5440660e-10 9.9100000e+37 1.4488670e+02 2.0486000e+04
-3.2000000e+00 -6.8045010e-10 9.9100000e+37 1.4549020e+02 2.0486000e+04
-3.2400000e+00 -7.1154720e-10 9.9100000e+37 1.4609380e+02 2.0486000e+04
-3.2800000e+00 -7.3910810e-10 9.9100000e+37 1.4669730e+02 2.0486000e+04
-3.3200000e+00 -7.4735100e-10 9.9100000e+37 1.4730080e+02 2.0486000e+04
-3.3600000e+00 -7.5685510e-10 9.9100000e+37 1.4790430e+02 2.0486000e+04
-3.4000000e+00 -7.9520070e-10 9.9100000e+37 1.4974800e+02 2.0486000e+04
-3.4400000e+00 -8.5544440e-10 9.9100000e+37 1.5225100e+02 2.0486000e+04
-3.4800000e+00 -8.3889130e-10 9.9100000e+37 1.5351270e+02 2.0486000e+04
-3.5200000e+00 -8.5642870e-10 9.9100000e+37 1.5411620e+02 2.0486000e+04
-3.5600000e+00 -8.6257830e-10 9.9100000e+37 1.5471970e+02 2.0486000e+04
-3.6000000e+00 -8.6714690e-10 9.9100000e+37 1.5532230e+02 2.0486000e+04
-3.6400000e+00 -1.0065840e-09 9.9100000e+37 1.5716700e+02 2.0486000e+04
-3.6800000e+00 -1.0400800e-09 9.9100000e+37 1.5777050e+02 2.0486000e+04
-3.7200000e+00 -1.0924960e-09 9.9100000e+37 1.5837300e+02 2.0486000e+04
-3.7600000e+00 -1.1058910e-09 9.9100000e+37 1.5897660e+02 2.0486000e+04
-3.8000000e+00 -1.1518920e-09 9.9100000e+37 1.5957910e+02 2.0486000e+04
-3.8400000e+00 -1.1798030e-09 9.9100000e+37 1.6018260e+02 2.0486000e+04
-3.8800000e+00 -1.2023600e-09 9.9100000e+37 1.6078520e+02 2.0486000e+04
-3.9200000e+00 -1.2542710e-09 9.9100000e+37 1.6138870e+02 2.0486000e+04
-3.9600000e+00 -1.2678570e-09 9.9100000e+37 1.6199120e+02 2.0486000e+04
-4.0000000e+00 -1.3059680e-09 9.9100000e+37 1.6259470e+02 2.0486000e+04
