-4.0000000e+00 -6.6030590e-10 9.9100000e+37 0.0000000e+00 2.0486000e+04
-3.9600000e+00 -6.9538480e-10 9.9100000e+37 6.0253910e-01 2.0486000e+04
-3.9200000e+00 -6.9379180e-10 9.9100000e+37 1.2060550e+00 2.0486000e+04
-3.8800000e+00 -7.2231810e-10 9.9100000e+37 1.8095700e+00 2.0486000e+04
-3.8400000e+00 -7.4489650e-10 9.9100000e+37 2.4130860e+00 2.0486000e+04
-3.8000000e+00 -7.6045900e-10 9.9100000e+37 3.0166020e+00 2.0486000e+04
-3.7600000e+00 -8.4406070e-10 9.9100000e+37 4.8613280e+00 2.0486000e+04
-3.7200000e+00 -9.5497600e-10 9.9100000e+37 7.9765630e+00 2.0486000e+04
-3.6800000e+00 -1.0708010e-09 9.9100000e+37 1.0479490e+01 2.0486000e+04
-3.6400000e+00 -1.0689520e-09 9.9100000e+37 1.1083010e+01 2.0486000e+04
-3.6000000e+00 -1.0894840e-09 9.9100000e+37 1.1685550e+01 2.0486000e+04
-3.5600000e+00 -1.1150090e-09 9.9100000e+37 1.2289060e+01 2.0486000e+04
-3.5200000e+00 -1.1215240e-09 9.9100000e+37 1.2891600e+01 2.0486000e+04
-3.4800000e+00 -1.1506870e-09 9.9100000e+37 1.3495120e+01 2.0486000e+04
-3.4400000e+00 -1.1559420e-09 9.9100000e+37 1.4097660e+01 2.0486000e+04
-3.4000000e+00 -1.1746410e-09 9.9100000e+37 1.4701170e+01 2.0486000e+04
-3.3600000e+00 -1.1694340e-09 9.9100000e+37 1.5303710e+01 2.0486000e+04
-3.3200000e+00 -1.1799480e-09 9.9100000e+37 1.5907230e+01 2.0486000e+04
-3.2800000e+00 -1.2073190e-09 9.9100000e+37 1.6509770e+01 2.0486000e+04
-3.2400000e+00 -1.1943590e-09 9.9100000e+37 1.7113280e+01 2.0486000e+04
-3.2000000e+00 -1.1946720e-09 9.9100000e+37 1.7715820e+01 2.0486000e+04
-3.1600000e+00 -1.2022890e-09 9.9100000e+37 1.8319340e+01 2.0486000e+04
-3.1200000e+00 -1.1991330e-09 9.9100000e+37 1.8921870e+01 2.0486000e+04
-3.0800000e+00 -1.2071440e-09 9.9100000e+37 1.9525390e+01 2.0486000e+04
-3.0400000e+00 -1.1864610e-09 9.9100000e+37 2.0127930e+01 2.0486000e+04
-3.0000000e+00 -1.1728150e-09 9.9100000e+37 2.0731450e+01 2.0486000e+04
-2.9600000e+00 -1.1761000e-09 9.9100000e+37 2.1333980e+01 2.0486000e+04
-2.9200000e+00 -1.1823810e-09 9.9100000e+37 2.1937500e+01 2.0486000e+04
-2.8800000e+00 -1.1677780e-09 9.9100000e+37 2.2540040e+01 2.0486000e+04
-2.8400000e+00 -1.1624580e-09 9.9100000e+37 2.3143550e+01 2.0486000e+04
-2.8000000e+00 -1.1714880e-09 9.9100000e+37 2.3746090e+01 2.0486000e+04
-2.7600000e+00 -1.1801530e-09 9.9100000e+37 2.4349610e+01 2.0486000e+04
-2.7200000e+00 -1.1713780e-09 9.9100000e+37 2.4952150e+01 2.0486000e+04
-2.6800000e+00 -1.1431740e-09 9.9100000e+37 2.5555660e+01 2.0486000e+04
-2.6400000e+00 -1.1349010e-09 9.9100000e+37 2.6158200e+01 2.0486000e+04
-2.6000000e+00 -1.1483690e-09 9.9100000e+37 2.6761720e+01 2.0486000e+04
-2.5600000e+00 -1.1224980e-09 9.9100000e+37 2.7364260e+01 2.0486000e+04
-2.5200000e+00 -1.1178420e-09 9.9100000e+37 2.7967770e+01 2.0486000e+04
-2.4800000e+00 -1.0998150e-09 9.9100000e+37 2.8570310e+01 2.0486000e+04
-2.4400000e+00 -1.0804440e-09 9.9100000e+37 2.9173830e+01 2.0486000e+04
-2.4000000e+00 -1.0542760e-09 9.9100000e+37 2.9776370e+01 2.0486000e+04
-2.3600000e+00 -1.0404550e-09 9.9100000e+37 3.0379880e+01 2.0486000e+04
-2.3200000e+00 -1.0424480e-09 9.9100000e+37 3.0982420e+01 2.0486000e+04
-2.2800000e+00 -1.0274920e-09 9.9100000e+37 3.1585940e+01 2.0486000e+04
-2.2400000e+00 -1.0033650e-09 9.9100000e+37 3.2188480e+01 2.0486000e+04
-2.2000000e+00 -8.6538400e-10 9.9100000e+37 3.3450200e+01 2.0486000e+04
-2.1600000e+00 -9.8866700e-10 9.9100000e+37 3.5908200e+01 2.0486000e+04
-2.1200000e+00 -8.6842840e-10 9.9100000e+37 3.7169920e+01 2.0486000e+04
-2.0800000e+00 -8.5334850e-10 9.9100000e+37 3.7772460e+01 2.0486000e+04
-2.0400000e+00 -9.5426240e-10 9.9100000e+37 4.0230470e+01 2.0486000e+04
-2.0000000e+00 -8.4364450e-10 9.9100000e+37 4.1492190e+01 2.0486000e+04
-1.9600000e+00 -8.3325770e-10 9.9100000e+37 4.2095700e+01 2.0486000e+04
-1.9200000e+00 -8.9945750e-10 9.9100000e+37 4.3940430e+01 2.0486000e+04
-1.8800000e+00 -9.0187140e-10 9.9100000e+37 4.6442380e+01 2.0486000e+04
-1.8400000e+00 -8.9255190e-10 9.9100000e+37 4.8945310e+01 2.0486000e+04
-1.8000000e+00 -9.0214410e-10 9.9100000e+37 5.1447270e+01 2.0486000e+04
-1.7600000e+00 -8.2523770e-10 9.9100000e+37 5.2709960e+01 2.0486000e+04
-1.7200000e+00 -8.0449160e-10 9.9100000e+37 5.3312500e+01 2.0486000e+04
-1.6800000e+00 -7.9902370e-10 9.9100000e+37 5.3916020e+01 2.0486000e+04
-1.6400000e+00 -7.7634780e-10 9.9100000e+37 5.4519530e+01 2.0486000e+04
-1.6000000e+00 -7.6526970e-10 9.9100000e+37 5.5123050e+01 2.0486000e+04
-1.5600000e+00 -7.4546110e-10 9.9100000e+37 5.6967770e+01 2.0486000e+04
-1.5200000e+00 -7.4550280e-10 9.9100000e+37 5.8229490e+01 2.0486000e+04
-1.4800000e+00 -7.1974340e-10 9.9100000e+37 5.8832030e+01 2.0486000e+04
-1.4400000e+00 -6.9414350e-10 9.9100000e+37 5.9435550e+01 2.0486000e+04
-1.4000000e+00 -6.6518010e-10 9.9100000e+37 6.0039060e+01 2.0486000e+04
-1.3600000e+00 -6.4136370e-10 9.9100000e+37 6.0642580e+01 2.0486000e+04
-1.3200000e+00 -6.1785680e-10 9.9100000e+37 6.1246090e+01 2.0486000e+04
-1.2800000e+00 -6.0040750e-10 9.9100000e+37 6.1849610e+01 2.0486000e+04
-1.2400000e+00 -5.7012990e-10 9.9100000e+37 6.2453120e+01 2.0486000e+04
-1.2000000e+00 -5.4979850e-10 9.9100000e+37 6.3056640e+01 2.0486000e+04
-1.1600000e+00 -5.2637560e-10 9.9100000e+37 6.3660160e+01 2.0486000e+04
-1.1200000e+00 -5.0688400e-10 9.9100000e+37 6.4263670e+01 2.0486000e+04
-1.0800000e+00 -4.8630260e-10 9.9100000e+37 6.4866210e+01 2.0486000e+04
-1.0400000e+00 -4.5484940e-10 9.9100000e+37 6.5469730e+01 2.0486000e+04
-1.0000000e+00 -4.3905000e-10 9.9100000e+37 6.6073240e+01 2.0486000e+04
-9.6000000e-01 -4.1301370e-10 9.9100000e+37 6.6676760e+01 2.0486000e+04
-9.2000000e-01 -3.8735550e-10 9.9100000e+37 6.7280270e+01 2.0486000e+04
-8.8000000e-01 -3.7156090e-10 9.9100000e+37 6.7883790e+01 2.0486000e+04
-8.4000000e-01 -3.4861940e-10 9.9100000e+37 6.8487300e+01 2.0486000e+04
-8.0000000e-01 -3.2526480e-10 9.9100000e+37 6.9090820e+01 2.0486000e+04
-7.6000000e-01 -3.0767610e-10 9.9100000e+37 6.9694340e+01 2.0486000e+04
-7.2000000e-01 -2.8531230e-10 9.9100000e+37 7.0297850e+01 2.0486000e+04
-6.8000000e-01 -2.6464280e-10 9.9100000e+37 7.0901370e+01 2.0486000e+04
-6.4000000e-01 -2.4684540e-10 9.9100000e+37 7.1503910e+01 2.0486000e+04
-6.0000000e-01 -2.2373620e-10 9.9100000e+37 7.2107420e+01 2.0486000e+04
-5.6000000e-01 -2.0861660e-10 9.9100000e+37 7.2710940e+01 2.0486000e+04
-5.2000000e-01 -1.8541810e-10 9.9100000e+37 7.3314450e+01 2.0486000e+04
-4.8000000e-01 -1.6850510e-10 9.9100000e+37 7.3917970e+01 2.0486000e+04
-4.4000000e-01 -1.4975710e-10 9.9100000e+37 7.4521480e+01 2.0486000e+04
-4.0000000e-01 -1.3191400e-10 9.9100000e+37 7.5125000e+01 2.0486000e+04
-3.6000000e-01 -1.1693050e-10 9.9100000e+37 7.5728520e+01 2.0486000e+04
-3.2000000e-01 -1.0131350e-10 9.9100000e+37 7.6331050e+01 2.0486000e+04
-2.8000000e-01 -7.7887530e-11 9.9100000e+37 7.8948240e+01 2.0486000e+04
-2.4000000e-01 -6.7071990e-11 9.9100000e+37 8.0757810e+01 2.0486000e+04
-2.0000000e-01 -5.2341080e-11 9.9100000e+37 8.2567380e+01 2.0486000e+04
-1.6000000e-01 -4.0228390e-11 9.9100000e+37 8.4376950e+01 2.0486000e+04
-1.2000000e-01 -2.7960430e-11 9.9100000e+37 8.6186520e+01 2.0486000e+04
-8.0000000e-02 -1.7376660e-11 9.9100000e+37 8.7996090e+01 2.0486000e+04
-4.0000000e-02 -8.7971650e-12 9.9100000e+37 8.9805660e+01 2.0486000e+04
0.0000000e+00 -5.7170080e-13 9.9100000e+37 9.1614260e+01 2.0486000e+04
4.0000000e-02 7.0187500e-12 9.9100000e+37 9.3423830e+01 2.0486000e+04
8.0000000e-02 1.3966600e-11 9.9100000e+37 9.5233400e+01 2.0486000e+04
1.2000000e-01 2.0275710e-11 9.9100000e+37 9.7042970e+01 2.0486000e+04
1.6000000e-01 2.5999110e-11 9.9100000e+37 9.8852540e+01 2.0486000e+04
2.0000000e-01 3.0970910e-11 9.9100000e+37 1.0066210e+02 2.0486000e+04
2.4000000e-01 3.5550160e-11 9.9100000e+37 1.0247170e+02 2.0486000e+04
2.8000000e-01 4.1784190e-11 9.9100000e+37 1.0428030e+02 2.0486000e+04
3.2000000e-01 4.6244020e-11 9.9100000e+37 1.0608980e+02 2.0486000e+04
3.6000000e-01 5.3580530e-11 9.9100000e+37 1.0789940e+02 2.0486000e+04
4.0000000e-01 5.7923280e-11 9.9100000e+37 1.0970900e+02 2.0486000e+04
4.4000000e-01 6.1784530e-11 9.9100000e+37 1.1151860e+02 2.0486000e+04
4.8000000e-01 6.4597270e-11 9.9100000e+37 1.1332810e+02 2.0486000e+04
5.2000000e-01 7.0045640e-11 9.9100000e+37 1.1513770e+02 2.0486000e+04
5.6000000e-01 7.2578400e-11 9.9100000e+37 1.1694630e+02 2.0486000e+04
6.0000000e-01 7.6725560e-11 9.9100000e+37 1.1882320e+02 2.0486000e+04
6.4000000e-01 7.9453430e-11 9.9100000e+37 1.2143950e+02 2.0486000e+04
6.8000000e-01 8.0623040e-11 9.9100000e+37 1.2324900e+02 2.0486000e+04
7.2000000e-01 9.4012770e-11 9.9100000e+37 1.2512600e+02 2.0486000e+04
7.6000000e-01 9.8874170e-11 9.9100000e+37 1.2780960e+02 2.0486000e+04
8.0000000e-01 1.0733970e-10 9.9100000e+37 1.2841310e+02 2.0486000e+04
8.4000000e-01 1.1048200e-10 9.9100000e+37 1.2901660e+02 2.0486000e+04
8.8000000e-01 1.1561550e-10 9.9100000e+37 1.2961910e+02 2.0486000e+04
9.2000000e-01 1.2185200e-10 9.9100000e+37 1.3022270e+02 2.0486000e+04
9.6000000e-01 1.3134480e-10 9.9100000e+37 1.3082620e+02 2.0486000e+04
1.0000000e+00 1.3533040e-10 9.9100000e+37 1.3142970e+02 2.0486000e+04
1.0400000e+00 1.3900710e-10 9.9100000e+37 1.3203320e+02 2.0486000e+04
1.0800000e+00 1.4717010e-10 9.9100000e+37 1.3263670e+02 2.0486000e+04
1.1200000e+00 1.5306150e-10 9.9100000e+37 1.3324020e+02 2.0486000e+04
1.1600000e+00 1.5931720e-10 9.9100000e+37 1.3384370e+02 2.0486000e+04
1.2000000e+00 1.6432850e-10 9.9100000e+37 1.3444730e+02 2.0486000e+04
1.2400000e+00 1.7466220e-10 9.9100000e+37 1.3505080e+02 2.0486000e+04
1.2800000e+00 1.7889750e-10 9.9100000e+37 1.3565430e+02 2.0486000e+04
1.3200000e+00 1.8486870e-10 9.9100000e+37 1.3625680e+02 2.0486000e+04
1.3600000e+00 1.8905850e-10 9.9100000e+37 1.3686040e+02 2.0486000e+04
1.4000000e+00 1.9931990e-10 9.9100000e+37 1.3746390e+02 2.0486000e+04
1.4400000e+00 2.0251600e-10 9.9100000e+37 1.3806740e+02 2.0486000e+04
1.4800000e+00 2.1503820e-10 9.9100000e+37 1.3867090e+02 2.0486000e+04
1.5200000e+00 2.1770990e-10 9.9100000e+37 1.3927440e+02 2.0486000e+04
1.5600000e+00 2.2677650e-10 9.9100000e+37 1.3987790e+02 2.0486000e+04
1.6000000e+00 2.3704630e-10 9.9100000e+37 1.4048140e+02 2.0486000e+04
1.6400000e+00 2.4415160e-10 9.9100000e+37 1.4108500e+02 2.0486000e+04
1.6800000e+00 2.5134490e-10 9.9100000e+37 1.4168750e+02 2.0486000e+04
1.7200000e+00 2.5763780e-10 9.9100000e+37 1.4229100e+02 2.0486000e+04
1.7600000e+00 2.7344880e-10 9.9100000e+37 1.4289450e+02 2.0486000e+04
1.8000000e+00 2.7521490e-10 9.9100000e+37 1.4349800e+02 2.0486000e+04
1.8400000e+00 2.8232340e-10 9.9100000e+37 1.4410160e+02 2.0486000e+04
1.8800000e+00 2.8924310e-10 9.9100000e+37 1.4470510e+02 2.0486000e+04
1.9200000e+00 2.9872240e-10 9.9100000e+37 1.4530860e+02 2.0486000e+04
1.9600000e+00 2.9847710e-10 9.9100000e+37 1.4591210e+02 2.0486000e+04
2.0000000e+00 3.0726730e-10 9.9100000e+37 1.4651560e+02 2.0486000e+04
2.0400000e+00 3.1157800e-10 9.9100000e+37 1.4711910e+02 2.0486000e+04
2.0800000e+00 3.2893910e-10 9.9100000e+37 1.4772170e+02 2.0486000e+04
2.1200000e+00 3.3449670e-10 9.9100000e+37 1.4832520e+02 2.0486000e+04
2.1600000e+00 3.5275570e-10 9.9100000e+37 1.4892870e+02 2.0486000e+04
2.2000000e+00 3.5435750e-10 9.9100000e+37 1.4953220e+02 2.0486000e+04
2.2400000e+00 3.7139370e-10 9.9100000e+37 1.5013570e+02 2.0486000e+04
2.2800000e+00 3.8170760e-10 9.9100000e+37 1.5073930e+02 2.0486000e+04
2.3200000e+00 3.8758650e-10 9.9100000e+37 1.5134280e+02 2.0486000e+04
2.3600000e+00 3.9246310e-10 9.9100000e+37 1.5194630e+02 2.0486000e+04
2.4000000e+00 4.0965950e-10 9.9100000e+37 1.5254980e+02 2.0486000e+04
2.4400000e+00 4.1676890e-10 9.9100000e+37 1.5315330e+02 2.0486000e+04
2.4800000e+00 4.3692330e-10 9.9100000e+37 1.5375590e+02 2.0486000e+04
2.5200000e+00 4.4627800e-10 9.9100000e+37 1.5435940e+02 2.0486000e+04
2.5600000e+00 4.5709820e-10 9.9100000e+37 1.5496290e+02 2.0486000e+04
2.6000000e+00 4.7750850e-10 9.9100000e+37 1.5556640e+02 2.0486000e+04
2.6400000e+00 4.8758700e-10 9.9100000e+37 1.5616990e+02 2.0486000e+04
2.6800000e+00 5.0399330e-10 9.9100000e+37 1.5677340e+02 2.0486000e+04
2.7200000e+00 5.1647400e-10 9.9100000e+37 1.5737700e+02 2.0486000e+04
2.7600000e+00 5.2837050e-10 9.9100000e+37 1.5798050e+02 2.0486000e+04
2.8000000e+00 5.4984630e-10 9.9100000e+37 1.5858400e+02 2.0486000e+04
2.8400000e+00 5.5847690e-10 9.9100000e+37 1.5918650e+02 2.0486000e+04
2.8800000e+00 5.7153790e-10 9.9100000e+37 1.5979000e+02 2.0486000e+04
2.9200000e+00 5.9475640e-10 9.9100000e+37 1.6039360e+02 2.0486000e+04
2.9600000e+00 6.0327860e-10 9.9100000e+37 1.6099710e+02 2.0486000e+04
3.0000000e+00 6.3765160e-10 9.9100000e+37 1.6160060e+02 2.0486000e+04
3.0400000e+00 6.6330290e-10 9.9100000e+37 1.6220410e+02 2.0486000e+04
3.0800000e+00 6.8389750e-10 9.9100000e+37 1.6280760e+02 2.0486000e+04
3.1200000e+00 6.8355090e-10 9.9100000e+37 1.6341110e+02 2.0486000e+04
3.1600000e+00 7.1180760e-10 9.9100000e+37 1.6401460e+02 2.0486000e+04
3.2000000e+00 7.3790300e-10 9.9100000e+37 1.6461820e+02 2.0486000e+04
3.2400000e+00 7.5890040e-10 9.9100000e+37 1.6522070e+02 2.0486000e+04
3.2800000e+00 7.8588790e-10 9.9100000e+37 1.6582420e+02 2.0486000e+04
3.3200000e+00 8.8294480e-10 9.9100000e+37 1.6766890e+02 2.0486000e+04
3.3600000e+00 9.9717850e-10 9.9100000e+37 1.7017190e+02 2.0486000e+04
3.4000000e+00 1.0516120e-09 9.9100000e+37 1.7077440e+02 2.0486000e+04
3.4400000e+00 1.0782710e-09 9.9100000e+37 1.7137790e+02 2.0486000e+04
3.4800000e+00 1.1230730e-09 9.9100000e+37 1.7198050e+02 2.0486000e+04
3.5200000e+00 1.1504310e-09 9.9100000e+37 1.7258400e+02 2.0486000e+04
3.5600000e+00 1.1863580e-09 9.9100000e+37 1.7318650e+02 2.0486000e+04
3.6000000e+00 1.2225350e-09 9.9100000e+37 1.7379000e+02 2.0486000e+04
3.6400000e+00 1.2734410e-09 9.9100000e+37 1.7439260e+02 2.0486000e+04
3.6800000e+00 1.3382570e-09 9.9100000e+37 1.7499610e+02 2.0486000e+04
3.7200000e+00 1.3737560e-09 9.9100000e+37 1.7559860e+02 2.0486000e+04
3.7600000e+00 1.3831490e-09 9.9100000e+37 1.7620210e+02 2.0486000e+04
3.8000000e+00 1.4625240e-09 9.9100000e+37 1.7680470e+02 2.0486000e+04
3.8400000e+00 1.5075680e-09 9.9100000e+37 1.7740820e+02 2.0486000e+04
3.8800000e+00 1.5524930e-09 9.9100000e+37 1.7801070e+02 2.0486000e+04
3.9200000e+00 1.6104170e-09 9.9100000e+37 1.7861430e+02 2.0486000e+04
3.9600000e+00 1.6825600e-09 9.9100000e+37 1.7921680e+02 2.0486000e+04
4.0000000e+00 1.7761140e-09 9.9100000e+37 1.7982030e+02 2.0486000e+04
