4.0000000e+00 1.4047880e-09 9.9100000e+37 0.0000000e+00 2.0486000e+04
4.0000000e+00 1.4190790e-09 9.9100000e+37 6.0546880e-01 2.0486000e+04
4.0000000e+00 1.4788960e-09 9.9100000e+37 1.2119140e+00 2.0486000e+04
4.0000000e+00 1.5545430e-09 9.9100000e+37 1.8173830e+00 2.0486000e+04
4.0000000e+00 1.5882590e-09 9.9100000e+37 2.4238280e+00 2.0486000e+04
4.0000000e+00 1.6716600e-09 9.9100000e+37 3.0292970e+00 2.0486000e+04
4.0000000e+00 1.7369810e-09 9.9100000e+37 3.6347660e+00 2.0486000e+04
4.0000000e+00 1.8262880e-09 9.9100000e+37 4.2412110e+00 2.0486000e+04
4.0000000e+00 1.8522350e-09 9.9100000e+37 4.8466800e+00 2.0486000e+04
4.0000000e+00 1.9189320e-09 9.9100000e+37 5.4531250e+00 2.0486000e+04
4.0000000e+00 1.9872350e-09 9.9100000e+37 6.0585940e+00 2.0486000e+04
4.0000000e+00 2.0428910e-09 9.9100000e+37 6.6640630e+00 2.0486000e+04
4.0000000e+00 2.0999970e-09 9.9100000e+37 7.2705080e+00 2.0486000e+04
4.0000000e+00 2.1721790e-09 9.9100000e+37 7.8759770e+00 2.0486000e+04
4.0000000e+00 2.2060430e-09 9.9100000e+37 8.4824220e+00 2.0486000e+04
4.0000000e+00 2.2207130e-09 9.9100000e+37 9.0878910e+00 2.0486000e+04
4.0000000e+00 2.2164690e-09 9.9100000e+37 9.6943360e+00 2.0486000e+04
4.0000000e+00 2.2994430e-09 9.9100000e+37 1.0299800e+01 2.0486000e+04
4.0000000e+00 2.3359150e-09 9.9100000e+37 1.0905270e+01 2.0486000e+04
4.0000000e+00 2.2368660e-09 9.9100000e+37 1.1511720e+01 2.0486000e+04
4.0000000e+00 2.4236070e-09 9.9100000e+37 1.2117190e+01 2.0486000e+04
4.0000000e+00 2.5372300e-09 9.9100000e+37 1.2723630e+01 2.0486000e+04
4.0000000e+00 2.1734840e-09 9.9100000e+37 1.3329100e+01 2.0486000e+04
4.0000000e+00 2.1437020e-09 9.9100000e+37 1.3935550e+01 2.0486000e+04
4.0000000e+00 2.3502350e-09 9.9100000e+37 1.4541020e+01 2.0486000e+04
4.0000000e+00 2.4391300e-09 9.9100000e+37 1.5146480e+01 2.0486000e+04
4.0000000e+00 2.8033950e-09 9.9100000e+37 1.5752930e+01 2.0486000e+04
4.0000000e+00 2.5508070e-09 9.9100000e+37 1.6358400e+01 2.0486000e+04
4.0000000e+00 2.5255570e-09 9.9100000e+37 1.6964840e+01 2.0486000e+04
4.0000000e+00 2.5113250e-09 9.9100000e+37 1.7570310e+01 2.0486000e+04
4.0000000e+00 2.5321740e-09 9.9100000e+37 1.8175780e+01 2.0486000e+04
4.0000000e+00 2.5826810e-09 9.9100000e+37 1.8782230e+01 2.0486000e+04
4.0000000e+00 2.5558790e-09 9.9100000e+37 1.9387700e+01 2.0486000e+04
4.0000000e+00 2.5935860e-09 9.9100000e+37 1.9994140e+01 2.0486000e+04
4.0000000e+00 2.5933380e-09 9.9100000e+37 2.0599610e+01 2.0486000e+04
4.0000000e+00 2.6027800e-09 9.9100000e+37 2.1205080e+01 2.0486000e+04
4.0000000e+00 2.6322230e-09 9.9100000e+37 2.1811520e+01 2.0486000e+04
4.0000000e+00 2.6792560e-09 9.9100000e+37 2.2416990e+01 2.0486000e+04
4.0000000e+00 2.7029000e-09 9.9100000e+37 2.3023440e+01 2.0486000e+04
4.0000000e+00 2.6723420e-09 9.9100000e+37 2.3628910e+01 2.0486000e+04
4.0000000e+00 2.6607220e-09 9.9100000e+37 2.4235350e+01 2.0486000e+04
4.0000000e+00 2.6811860e-09 9.9100000e+37 2.4840820e+01 2.0486000e+04
4.0000000e+00 2.6974630e-09 9.9100000e+37 2.5446290e+01 2.0486000e+04
4.0000000e+00 2.7068650e-09 9.9100000e+37 2.6052730e+01 2.0486000e+04
4.0000000e+00 2.7385580e-09 9.9100000e+37 2.6658200e+01 2.0486000e+04
4.0000000e+00 2.7607760e-09 9.9100000e+37 2.7264650e+01 2.0486000e+04
4.0000000e+00 2.8063020e-09 9.9100000e+37 2.7870120e+01 2.0486000e+04
4.0000000e+00 2.7621950e-09 9.9100000e+37 2.8475590e+01 2.0486000e+04
4.0000000e+00 2.7510740e-09 9.9100000e+37 2.9082030e+01 2.0486000e+04
4.0000000e+00 2.8174770e-09 9.9100000e+37 2.9687500e+01 2.0486000e+04
4.0000000e+00 2.8160790e-09 9.9100000e+37 3.0293950e+01 2.0486000e+04
4.0000000e+00 2.8045440e-09 9.9100000e+37 3.0899410e+01 2.0486000e+04
4.0000000e+00 2.8180900e-09 9.9100000e+37 3.1505860e+01 2.0486000e+04
4.0000000e+00 2.8407520e-09 9.9100000e+37 3.2111330e+01 2.0486000e+04
4.0000000e+00 2.8303550e-09 9.9100000e+37 3.2716800e+01 2.0486000e+04
4.0000000e+00 2.8529350e-09 9.9100000e+37 3.3323240e+01 2.0486000e+04
4.0000000e+00 2.8988220e-09 9.9100000e+37 3.3928710e+01 2.0486000e+04
4.0000000e+00 2.9620190e-09 9.9100000e+37 3.4535160e+01 2.0486000e+04
4.0000000e+00 2.9529600e-09 9.9100000e+37 3.5140630e+01 2.0486000e+04
4.0000000e+00 3.0218410e-09 9.9100000e+37 3.5747070e+01 2.0486000e+04
4.0000000e+00 2.8582560e-09 9.9100000e+37 3.6352540e+01 2.0486000e+04
4.0000000e+00 2.8671090e-09 9.9100000e+37 3.6958010e+01 2.0486000e+04
4.0000000e+00 2.8861870e-09 9.9100000e+37 3.7564450e+01 2.0486000e+04
4.0000000e+00 2.9049580e-09 9.9100000e+37 3.8169920e+01 2.0486000e+04
4.0000000e+00 2.9987140e-09 9.9100000e+37 3.8776370e+01 2.0486000e+04
4.0000000e+00 2.9245370e-09 9.9100000e+37 3.9381840e+01 2.0486000e+04
4.0000000e+00 3.0271310e-09 9.9100000e+37 3.9988280e+01 2.0486000e+04
4.0000000e+00 2.9835620e-09 9.9100000e+37 4.0593750e+01 2.0486000e+04
4.0000000e+00 2.9494200e-09 9.9100000e+37 4.1199220e+01 2.0486000e+04
4.0000000e+00 2.9323610e-09 9.9100000e+37 4.1805660e+01 2.0486000e+04
4.0000000e+00 2.9093940e-09 9.9100000e+37 4.2411130e+01 2.0486000e+04
4.0000000e+00 2.9103660e-09 9.9100000e+37 4.3017580e+01 2.0486000e+04
4.0000000e+00 3.0151490e-09 9.9100000e+37 4.3623050e+01 2.0486000e+04
4.0000000e+00 2.8778950e-09 9.9100000e+37 4.4229490e+01 2.0486000e+04
4.0000000e+00 3.1000400e-09 9.9100000e+37 4.4834960e+01 2.0486000e+04
4.0000000e+00 3.3576210e-09 9.9100000e+37 4.5440430e+01 2.0486000e+04
4.0000000e+00 6.2652770e-09 9.9100000e+37 4.6046870e+01 2.0486000e+04
4.0000000e+00 9.0318910e-09 9.9100000e+37 4.6652340e+01 2.0486000e+04
4.0000000e+00 6.6647610e-09 9.9100000e+37 4.7258790e+01 2.0486000e+04
4.0000000e+00 2.8810850e-08 9.9100000e+37 4.9096680e+01 2.0486000e+04
4.0000000e+00 3.0385600e-08 9.9100000e+37 4.9702150e+01 2.0486000e+04
4.0000000e+00 3.0732140e-08 9.9100000e+37 5.0307620e+01 2.0486000e+04
4.0000000e+00 3.0667860e-08 9.9100000e+37 5.0914060e+01 2.0486000e+04
4.0000000e+00 3.2337000e-08 9.9100000e+37 5.1519530e+01 2.0486000e+04
4.0000000e+00 3.0628880e-08 9.9100000e+37 5.2125980e+01 2.0486000e+04
4.0000000e+00 2.9685810e-08 9.9100000e+37 5.2731450e+01 2.0486000e+04
4.0000000e+00 3.1290770e-08 9.9100000e+37 5.3336910e+01 2.0486000e+04
4.0000000e+00 3.0839160e-08 9.9100000e+37 5.3943360e+01 2.0486000e+04
4.0000000e+00 3.2773140e-08 9.9100000e+37 5.4548830e+01 2.0486000e+04
4.0000000e+00 3.2657670e-08 9.9100000e+37 5.5155270e+01 2.0486000e+04
4.0000000e+00 2.9956620e-08 9.9100000e+37 5.5760740e+01 2.0486000e+04
4.0000000e+00 3.0011460e-08 9.9100000e+37 5.6366210e+01 2.0486000e+04
4.0000000e+00 3.0079350e-08 9.9100000e+37 5.6972660e+01 2.0486000e+04
4.0000000e+00 3.0388890e-08 9.9100000e+37 5.7578130e+01 2.0486000e+04
4.0000000e+00 3.0798330e-08 9.9100000e+37 5.8184570e+01 2.0486000e+04
4.0000000e+00 3.1308740e-08 9.9100000e+37 5.8790040e+01 2.0486000e+04
4.0000000e+00 3.1387550e-08 9.9100000e+37 5.9396480e+01 2.0486000e+04
4.0000000e+00 3.1795920e-08 9.9100000e+37 6.0001950e+01 2.0486000e+04
4.0000000e+00 3.1962500e-08 9.9100000e+37 6.0607420e+01 2.0486000e+04
4.0000000e+00 3.1471640e-08 9.9100000e+37 6.1213870e+01 2.0486000e+04
4.0000000e+00 3.1498200e-08 9.9100000e+37 6.1819340e+01 2.0486000e+04
4.0000000e+00 3.1977080e-08 9.9100000e+37 6.2425780e+01 2.0486000e+04
4.0000000e+00 3.2248000e-08 9.9100000e+37 6.3031250e+01 2.0486000e+04
4.0000000e+00 3.1743620e-08 9.9100000e+37 6.3636720e+01 2.0486000e+04
4.0000000e+00 3.1453800e-08 9.9100000e+37 6.4243160e+01 2.0486000e+04
4.0000000e+00 3.1831890e-08 9.9100000e+37 6.4848630e+01 2.0486000e+04
4.0000000e+00 3.1804500e-08 9.9100000e+37 6.5455080e+01 2.0486000e+04
4.0000000e+00 3.1696810e-08 9.9100000e+37 6.6060550e+01 2.0486000e+04
4.0000000e+00 3.1915000e-08 9.9100000e+37 6.6666020e+01 2.0486000e+04
4.0000000e+00 3.1858530e-08 9.9100000e+37 6.7272460e+01 2.0486000e+04
4.0000000e+00 3.1851660e-08 9.9100000e+37 6.7877930e+01 2.0486000e+04
4.0000000e+00 3.2323850e-08 9.9100000e+37 6.8484380e+01 2.0486000e+04
4.0000000e+00 3.2456480e-08 9.9100000e+37 6.9089840e+01 2.0486000e+04
4.0000000e+00 3.2122670e-08 9.9100000e+37 6.9696290e+01 2.0486000e+04
4.0000000e+00 3.1724640e-08 9.9100000e+37 7.0301760e+01 2.0486000e+04
4.0000000e+00 3.1972970e-08 9.9100000e+37 7.0907230e+01 2.0486000e+04
4.0000000e+00 3.1943420e-08 9.9100000e+37 7.1513670e+01 2.0486000e+04
4.0000000e+00 3.1667340e-08 9.9100000e+37 7.2119140e+01 2.0486000e+04
4.0000000e+00 3.2031440e-08 9.9100000e+37 7.2725590e+01 2.0486000e+04
4.0000000e+00 3.1838440e-08 9.9100000e+37 7.3331050e+01 2.0486000e+04
4.0000000e+00 3.2049280e-08 9.9100000e+37 7.3937500e+01 2.0486000e+04
4.0000000e+00 3.2077920e-08 9.9100000e+37 7.4542970e+01 2.0486000e+04
4.0000000e+00 3.1851740e-08 9.9100000e+37 7.5149410e+01 2.0486000e+04
4.0000000e+00 3.2086810e-08 9.9100000e+37 7.5754880e+01 2.0486000e+04
4.0000000e+00 3.1848050e-08 9.9100000e+37 7.6360350e+01 2.0486000e+04
4.0000000e+00 3.1591360e-08 9.9100000e+37 7.6966800e+01 2.0486000e+04
4.0000000e+00 3.1960790e-08 9.9100000e+37 7.7572270e+01 2.0486000e+04
4.0000000e+00 3.2152610e-08 9.9100000e+37 7.8178710e+01 2.0486000e+04
4.0000000e+00 3.2031620e-08 9.9100000e+37 7.8784180e+01 2.0486000e+04
4.0000000e+00 3.1810970e-08 9.9100000e+37 7.9390630e+01 2.0486000e+04
4.0000000e+00 3.1849280e-08 9.9100000e+37 7.9996090e+01 2.0486000e+04
4.0000000e+00 3.2175990e-08 9.9100000e+37 8.0601560e+01 2.0486000e+04
4.0000000e+00 3.1358510e-08 9.9100000e+37 8.1208010e+01 2.0486000e+04
4.0000000e+00 3.1777960e-08 9.9100000e+37 8.1813480e+01 2.0486000e+04
4.0000000e+00 3.2121050e-08 9.9100000e+37 8.2419920e+01 2.0486000e+04
4.0000000e+00 3.1850900e-08 9.9100000e+37 8.3025390e+01 2.0486000e+04
4.0000000e+00 3.2069130e-08 9.9100000e+37 8.3630860e+01 2.0486000e+04
4.0000000e+00 3.2274790e-08 9.9100000e+37 8.4237300e+01 2.0486000e+04
4.0000000e+00 3.2379080e-08 9.9100000e+37 8.4842770e+01 2.0486000e+04
4.0000000e+00 3.1644370e-08 9.9100000e+37 8.5449220e+01 2.0486000e+04
4.0000000e+00 3.2262340e-08 9.9100000e+37 8.6054690e+01 2.0486000e+04
4.0000000e+00 3.2510900e-08 9.9100000e+37 8.6661130e+01 2.0486000e+04
4.0000000e+00 3.2063070e-08 9.9100000e+37 8.7266600e+01 2.0486000e+04
4.0000000e+00 3.1977920e-08 9.9100000e+37 8.7872070e+01 2.0486000e+04
4.0000000e+00 3.1671620e-08 9.9100000e+37 8.8478520e+01 2.0486000e+04
4.0000000e+00 3.2381910e-08 9.9100000e+37 8.9083980e+01 2.0486000e+04
4.0000000e+00 3.2354870e-08 9.9100000e+37 8.9690430e+01 2.0486000e+04
4.0000000e+00 3.2254200e-08 9.9100000e+37 9.0295900e+01 2.0486000e+04
4.0000000e+00 3.2297680e-08 9.9100000e+37 9.0901370e+01 2.0486000e+04
4.0000000e+00 3.2060090e-08 9.9100000e+37 9.1507810e+01 2.0486000e+04
4.0000000e+00 3.2417510e-08 9.9100000e+37 9.2113280e+01 2.0486000e+04
4.0000000e+00 3.2312550e-08 9.9100000e+37 9.2719730e+01 2.0486000e+04
4.0000000e+00 3.2390040e-08 9.9100000e+37 9.3325200e+01 2.0486000e+04
4.0000000e+00 3.2452580e-08 9.9100000e+37 9.3931640e+01 2.0486000e+04
4.0000000e+00 3.2840860e-08 9.9100000e+37 9.4537110e+01 2.0486000e+04
4.0000000e+00 3.2402770e-08 9.9100000e+37 9.5142580e+01 2.0486000e+04
4.0000000e+00 3.2718740e-08 9.9100000e+37 9.5749020e+01 2.0486000e+04
4.0000000e+00 3.2269220e-08 9.9100000e+37 9.6354490e+01 2.0486000e+04
4.0000000e+00 3.2580310e-08 9.9100000e+37 9.6960940e+01 2.0486000e+04
4.0000000e+00 3.2109190e-08 9.9100000e+37 9.7566410e+01 2.0486000e+04
4.0000000e+00 3.2558080e-08 9.9100000e+37 9.8172850e+01 2.0486000e+04
4.0000000e+00 3.2392460e-08 9.9100000e+37 9.8778320e+01 2.0486000e+04
4.0000000e+00 3.2340470e-08 9.9100000e+37 9.9383790e+01 2.0486000e+04
4.0000000e+00 3.2131290e-08 9.9100000e+37 9.9990230e+01 2.0486000e+04
4.0000000e+00 3.1840230e-08 9.9100000e+37 1.0059570e+02 2.0486000e+04
4.0000000e+00 3.2129840e-08 9.9100000e+37 1.0120210e+02 2.0486000e+04
4.0000000e+00 3.2050320e-08 9.9100000e+37 1.0180760e+02 2.0486000e+04
4.0000000e+00 3.2018310e-08 9.9100000e+37 1.0241410e+02 2.0486000e+04
4.0000000e+00 3.2166020e-08 9.9100000e+37 1.0301950e+02 2.0486000e+04
4.0000000e+00 3.1705180e-08 9.9100000e+37 1.0362500e+02 2.0486000e+04
4.0000000e+00 3.1944040e-08 9.9100000e+37 1.0423140e+02 2.0486000e+04
4.0000000e+00 3.1725950e-08 9.9100000e+37 1.0483690e+02 2.0486000e+04
4.0000000e+00 3.1782110e-08 9.9100000e+37 1.0544240e+02 2.0486000e+04
4.0000000e+00 3.2073190e-08 9.9100000e+37 1.0604880e+02 2.0486000e+04
4.0000000e+00 3.2234720e-08 9.9100000e+37 1.0665430e+02 2.0486000e+04
4.0000000e+00 3.2256130e-08 9.9100000e+37 1.0726070e+02 2.0486000e+04
4.0000000e+00 3.1953420e-08 9.9100000e+37 1.0786620e+02 2.0486000e+04
4.0000000e+00 3.2233580e-08 9.9100000e+37 1.0847270e+02 2.0486000e+04
4.0000000e+00 3.1725080e-08 9.9100000e+37 1.0907810e+02 2.0486000e+04
4.0000000e+00 3.1776900e-08 9.9100000e+37 1.0968360e+02 2.0486000e+04
4.0000000e+00 3.2442180e-08 9.9100000e+37 1.1029000e+02 2.0486000e+04
4.0000000e+00 3.2352370e-08 9.9100000e+37 1.1089550e+02 2.0486000e+04
4.0000000e+00 3.2333740e-08 9.9100000e+37 1.1150200e+02 2.0486000e+04
4.0000000e+00 3.2458490e-08 9.9100000e+37 1.1210740e+02 2.0486000e+04
4.0000000e+00 3.2403360e-08 9.9100000e+37 1.1271390e+02 2.0486000e+04
4.0000000e+00 3.2422570e-08 9.9100000e+37 1.1331930e+02 2.0486000e+04
4.0000000e+00 3.2361700e-08 9.9100000e+37 1.1392480e+02 2.0486000e+04
4.0000000e+00 3.2401940e-08 9.9100000e+37 1.1453120e+02 2.0486000e+04
4.0000000e+00 3.2033980e-08 9.9100000e+37 1.1513670e+02 2.0486000e+04
4.0000000e+00 3.2255400e-08 9.9100000e+37 1.1574320e+02 2.0486000e+04
4.0000000e+00 3.2366830e-08 9.9100000e+37 1.1634860e+02 2.0486000e+04
4.0000000e+00 3.2359430e-08 9.9100000e+37 1.1695410e+02 2.0486000e+04
4.0000000e+00 3.2282200e-08 9.9100000e+37 1.1756050e+02 2.0486000e+04
4.0000000e+00 3.2395030e-08 9.9100000e+37 1.1816600e+02 2.0486000e+04
4.0000000e+00 3.2230280e-08 9.9100000e+37 1.1877250e+02 2.0486000e+04
4.0000000e+00 3.2598420e-08 9.9100000e+37 1.1937790e+02 2.0486000e+04
4.0000000e+00 3.2746310e-08 9.9100000e+37 1.1998440e+02 2.0486000e+04
4.0000000e+00 3.3459100e-08 9.9100000e+37 1.2058980e+02 2.0486000e+04
4.0000000e+00 3.4395220e-08 9.9100000e+37 1.2119530e+02 2.0486000e+04
4.0000000e+00 3.2268080e-08 9.9100000e+37 1.2180180e+02 2.0486000e+04
