4.0000000e+00 1.0091730e-09 9.9100000e+37 0.0000000e+00 2.0486000e+04
4.0000000e+00 1.2475730e-09 9.9100000e+37 6.0546880e-01 2.0486000e+04
4.0000000e+00 1.4899210e-09 9.9100000e+37 1.2119140e+00 2.0486000e+04
4.0000000e+00 1.7587780e-09 9.9100000e+37 1.8173830e+00 2.0486000e+04
4.0000000e+00 2.0614820e-09 9.9100000e+37 2.4228520e+00 2.0486000e+04
4.0000000e+00 2.3595270e-09 9.9100000e+37 3.0292970e+00 2.0486000e+04
4.0000000e+00 2.6918040e-09 9.9100000e+37 3.6347660e+00 2.0486000e+04
4.0000000e+00 3.0823850e-09 9.9100000e+37 4.2412110e+00 2.0486000e+04
4.0000000e+00 3.4723800e-09 9.9100000e+37 4.8466800e+00 2.0486000e+04
4.0000000e+00 3.9028140e-09 9.9100000e+37 5.4531250e+00 2.0486000e+04
4.0000000e+00 4.3788380e-09 9.9100000e+37 6.0585940e+00 2.0486000e+04
4.0000000e+00 4.8765880e-09 9.9100000e+37 6.6640630e+00 2.0486000e+04
4.0000000e+00 5.3784910e-09 9.9100000e+37 7.2705080e+00 2.0486000e+04
4.0000000e+00 5.8583370e-09 9.9100000e+37 7.8759770e+00 2.0486000e+04
4.0000000e+00 6.4118620e-09 9.9100000e+37 8.4824220e+00 2.0486000e+04
4.0000000e+00 7.9278410e-09 9.9100000e+37 1.0319340e+01 2.0486000e+04
4.0000000e+00 1.0015030e-08 9.9100000e+37 1.2776370e+01 2.0486000e+04
4.0000000e+00 1.0530650e-08 9.9100000e+37 1.3381840e+01 2.0486000e+04
4.0000000e+00 1.1141370e-08 9.9100000e+37 1.3988280e+01 2.0486000e+04
4.0000000e+00 1.1377310e-08 9.9100000e+37 1.4593750e+01 2.0486000e+04
4.0000000e+00 1.1948480e-08 9.9100000e+37 1.5200200e+01 2.0486000e+04
4.0000000e+00 1.2391850e-08 9.9100000e+37 1.5805660e+01 2.0486000e+04
4.0000000e+00 1.2716280e-08 9.9100000e+37 1.6411130e+01 2.0486000e+04
4.0000000e+00 1.3216720e-08 9.9100000e+37 1.7017580e+01 2.0486000e+04
4.0000000e+00 1.3716050e-08 9.9100000e+37 1.7623050e+01 2.0486000e+04
4.0000000e+00 1.4006730e-08 9.9100000e+37 1.8229490e+01 2.0486000e+04
4.0000000e+00 1.4679500e-08 9.9100000e+37 1.8834960e+01 2.0486000e+04
4.0000000e+00 1.5078370e-08 9.9100000e+37 1.9440430e+01 2.0486000e+04
4.0000000e+00 1.5496030e-08 9.9100000e+37 2.0046880e+01 2.0486000e+04
4.0000000e+00 1.5923900e-08 9.9100000e+37 2.0652340e+01 2.0486000e+04
4.0000000e+00 1.6363380e-08 9.9100000e+37 2.1258790e+01 2.0486000e+04
4.0000000e+00 1.6635090e-08 9.9100000e+37 2.1864260e+01 2.0486000e+04
4.0000000e+00 1.7190030e-08 9.9100000e+37 2.2469730e+01 2.0486000e+04
4.0000000e+00 1.7371390e-08 9.9100000e+37 2.3076170e+01 2.0486000e+04
4.0000000e+00 1.7850620e-08 9.9100000e+37 2.3681640e+01 2.0486000e+04
4.0000000e+00 1.8154600e-08 9.9100000e+37 2.4288090e+01 2.0486000e+04
4.0000000e+00 1.8533730e-08 9.9100000e+37 2.4893550e+01 2.0486000e+04
4.0000000e+00 1.9095850e-08 9.9100000e+37 2.5500000e+01 2.0486000e+04
4.0000000e+00 1.9189350e-08 9.9100000e+37 2.6105470e+01 2.0486000e+04
4.0000000e+00 1.9551340e-08 9.9100000e+37 2.6710940e+01 2.0486000e+04
4.0000000e+00 1.9985670e-08 9.9100000e+37 2.7317380e+01 2.0486000e+04
4.0000000e+00 2.0438780e-08 9.9100000e+37 2.7922850e+01 2.0486000e+04
4.0000000e+00 2.0935740e-08 9.9100000e+37 2.8529300e+01 2.0486000e+04
4.0000000e+00 2.1171950e-08 9.9100000e+37 2.9134770e+01 2.0486000e+04
4.0000000e+00 2.1532780e-08 9.9100000e+37 2.9741210e+01 2.0486000e+04
4.0000000e+00 2.2008860e-08 9.9100000e+37 3.0346680e+01 2.0486000e+04
4.0000000e+00 2.2252270e-08 9.9100000e+37 3.0952150e+01 2.0486000e+04
4.0000000e+00 2.2470740e-08 9.9100000e+37 3.1558590e+01 2.0486000e+04
4.0000000e+00 2.2657630e-08 9.9100000e+37 3.2164060e+01 2.0486000e+04
4.0000000e+00 2.2568060e-08 9.9100000e+37 3.2770510e+01 2.0486000e+04
4.0000000e+00 2.3059800e-08 9.9100000e+37 3.3375980e+01 2.0486000e+04
4.0000000e+00 2.3660190e-08 9.9100000e+37 3.3982420e+01 2.0486000e+04
4.0000000e+00 2.3984270e-08 9.9100000e+37 3.4587890e+01 2.0486000e+04
4.0000000e+00 2.4094770e-08 9.9100000e+37 3.5193360e+01 2.0486000e+04
4.0000000e+00 2.4188850e-08 9.9100000e+37 3.5799800e+01 2.0486000e+04
4.0000000e+00 2.4250920e-08 9.9100000e+37 3.6405270e+01 2.0486000e+04
4.0000000e+00 2.4515490e-08 9.9100000e+37 3.7011720e+01 2.0486000e+04
4.0000000e+00 2.4697480e-08 9.9100000e+37 3.7617190e+01 2.0486000e+04
4.0000000e+00 2.4848470e-08 9.9100000e+37 3.8223630e+01 2.0486000e+04
4.0000000e+00 2.4982320e-08 9.9100000e+37 3.8829100e+01 2.0486000e+04
4.0000000e+00 2.5024050e-08 9.9100000e+37 3.9434570e+01 2.0486000e+04
4.0000000e+00 2.5294570e-08 9.9100000e+37 4.0041020e+01 2.0486000e+04
4.0000000e+00 2.5266910e-08 9.9100000e+37 4.0646480e+01 2.0486000e+04
4.0000000e+00 2.5185400e-08 9.9100000e+37 4.1252930e+01 2.0486000e+04
4.0000000e+00 2.5771750e-08 9.9100000e+37 4.1858400e+01 2.0486000e+04
4.0000000e+00 2.5871230e-08 9.9100000e+37 4.2464840e+01 2.0486000e+04
4.0000000e+00 2.6188070e-08 9.9100000e+37 4.3070310e+01 2.0486000e+04
4.0000000e+00 2.6488820e-08 9.9100000e+37 4.3675780e+01 2.0486000e+04
4.0000000e+00 2.6455110e-08 9.9100000e+37 4.4282230e+01 2.0486000e+04
4.0000000e+00 2.6728010e-08 9.9100000e+37 4.4887700e+01 2.0486000e+04
4.0000000e+00 2.6910640e-08 9.9100000e+37 4.5494140e+01 2.0486000e+04
4.0000000e+00 2.6834580e-08 9.9100000e+37 4.6099610e+01 2.0486000e+04
4.0000000e+00 2.7181580e-08 9.9100000e+37 4.6705080e+01 2.0486000e+04
4.0000000e+00 2.6984340e-08 9.9100000e+37 4.7311520e+01 2.0486000e+04
4.0000000e+00 2.7271080e-08 9.9100000e+37 4.7916990e+01 2.0486000e+04
4.0000000e+00 2.7545560e-08 9.9100000e+37 4.8523440e+01 2.0486000e+04
4.0000000e+00 2.7683410e-08 9.9100000e+37 4.9128910e+01 2.0486000e+04
4.0000000e+00 2.7628090e-08 9.9100000e+37 4.9735350e+01 2.0486000e+04
4.0000000e+00 2.7960910e-08 9.9100000e+37 5.0340820e+01 2.0486000e+04
4.0000000e+00 2.7927990e-08 9.9100000e+37 5.0946290e+01 2.0486000e+04
4.0000000e+00 2.7886070e-08 9.9100000e+37 5.1552730e+01 2.0486000e+04
4.0000000e+00 2.8005100e-08 9.9100000e+37 5.2158200e+01 2.0486000e+04
4.0000000e+00 2.7819260e-08 9.9100000e+37 5.2764650e+01 2.0486000e+04
4.0000000e+00 2.7685450e-08 9.9100000e+37 5.3370120e+01 2.0486000e+04
4.0000000e+00 2.8204360e-08 9.9100000e+37 5.3975590e+01 2.0486000e+04
4.0000000e+00 2.8640080e-08 9.9100000e+37 5.4582030e+01 2.0486000e+04
4.0000000e+00 2.8550310e-08 9.9100000e+37 5.5187500e+01 2.0486000e+04
4.0000000e+00 2.8768150e-08 9.9100000e+37 5.5793950e+01 2.0486000e+04
4.0000000e+00 2.8377050e-08 9.9100000e+37 5.6399410e+01 2.0486000e+04
4.0000000e+00 2.8566190e-08 9.9100000e+37 5.7004880e+01 2.0486000e+04
4.0000000e+00 2.8676440e-08 9.9100000e+37 5.7611330e+01 2.0486000e+04
4.0000000e+00 2.8986310e-08 9.9100000e+37 5.8216800e+01 2.0486000e+04
4.0000000e+00 2.9143600e-08 9.9100000e+37 5.8823240e+01 2.0486000e+04
4.0000000e+00 2.9094200e-08 9.9100000e+37 5.9428710e+01 2.0486000e+04
4.0000000e+00 2.9281120e-08 9.9100000e+37 6.0034180e+01 2.0486000e+04
4.0000000e+00 2.9191740e-08 9.9100000e+37 6.0640630e+01 2.0486000e+04
4.0000000e+00 2.9560420e-08 9.9100000e+37 6.1246090e+01 2.0486000e+04
4.0000000e+00 2.9489950e-08 9.9100000e+37 6.1852540e+01 2.0486000e+04
4.0000000e+00 2.9636640e-08 9.9100000e+37 6.2458010e+01 2.0486000e+04
4.0000000e+00 2.9718460e-08 9.9100000e+37 6.3063480e+01 2.0486000e+04
4.0000000e+00 2.9726730e-08 9.9100000e+37 6.3669920e+01 2.0486000e+04
4.0000000e+00 3.0229870e-08 9.9100000e+37 6.4275390e+01 2.0486000e+04
4.0000000e+00 3.0529700e-08 9.9100000e+37 6.4881840e+01 2.0486000e+04
4.0000000e+00 3.0264070e-08 9.9100000e+37 6.5487300e+01 2.0486000e+04
4.0000000e+00 3.0425920e-08 9.9100000e+37 6.6093750e+01 2.0486000e+04
4.0000000e+00 3.0199490e-08 9.9100000e+37 6.6699220e+01 2.0486000e+04
4.0000000e+00 2.9944910e-08 9.9100000e+37 6.7304690e+01 2.0486000e+04
4.0000000e+00 2.9976200e-08 9.9100000e+37 6.7911130e+01 2.0486000e+04
4.0000000e+00 3.0031300e-08 9.9100000e+37 6.8516600e+01 2.0486000e+04
4.0000000e+00 3.0272220e-08 9.9100000e+37 6.9123050e+01 2.0486000e+04
4.0000000e+00 3.0338410e-08 9.9100000e+37 6.9728520e+01 2.0486000e+04
4.0000000e+00 3.0158330e-08 9.9100000e+37 7.0333980e+01 2.0486000e+04
4.0000000e+00 3.0217420e-08 9.9100000e+37 7.0940430e+01 2.0486000e+04
4.0000000e+00 3.0329590e-08 9.9100000e+37 7.1545900e+01 2.0486000e+04
4.0000000e+00 3.0508390e-08 9.9100000e+37 7.2152340e+01 2.0486000e+04
4.0000000e+00 3.0778920e-08 9.9100000e+37 7.2757810e+01 2.0486000e+04
4.0000000e+00 3.0827050e-08 9.9100000e+37 7.3363280e+01 2.0486000e+04
4.0000000e+00 3.0610170e-08 9.9100000e+37 7.3969730e+01 2.0486000e+04
4.0000000e+00 3.0767830e-08 9.9100000e+37 7.4575200e+01 2.0486000e+04
4.0000000e+00 3.1011640e-08 9.9100000e+37 7.5181640e+01 2.0486000e+04
4.0000000e+00 3.0552680e-08 9.9100000e+37 7.5787110e+01 2.0486000e+04
4.0000000e+00 3.0699170e-08 9.9100000e+37 7.6393550e+01 2.0486000e+04
4.0000000e+00 3.0644190e-08 9.9100000e+37 7.6999020e+01 2.0486000e+04
4.0000000e+00 3.0647170e-08 9.9100000e+37 7.7604490e+01 2.0486000e+04
4.0000000e+00 3.1015690e-08 9.9100000e+37 7.8210940e+01 2.0486000e+04
4.0000000e+00 3.1072250e-08 9.9100000e+37 7.8816410e+01 2.0486000e+04
4.0000000e+00 3.1100260e-08 9.9100000e+37 7.9422850e+01 2.0486000e+04
4.0000000e+00 3.1129800e-08 9.9100000e+37 8.0028320e+01 2.0486000e+04
4.0000000e+00 3.1181860e-08 9.9100000e+37 8.0633790e+01 2.0486000e+04
4.0000000e+00 3.1275100e-08 9.9100000e+37 8.1240230e+01 2.0486000e+04
4.0000000e+00 3.1232620e-08 9.9100000e+37 8.1845700e+01 2.0486000e+04
4.0000000e+00 3.1395160e-08 9.9100000e+37 8.2451170e+01 2.0486000e+04
4.0000000e+00 3.1244270e-08 9.9100000e+37 8.3057620e+01 2.0486000e+04
4.0000000e+00 3.1292080e-08 9.9100000e+37 8.3663090e+01 2.0486000e+04
4.0000000e+00 3.1358950e-08 9.9100000e+37 8.4269530e+01 2.0486000e+04
4.0000000e+00 3.1303600e-08 9.9100000e+37 8.4875000e+01 2.0486000e+04
4.0000000e+00 3.1406950e-08 9.9100000e+37 8.5481450e+01 2.0486000e+04
4.0000000e+00 3.1545870e-08 9.9100000e+37 8.6086910e+01 2.0486000e+04
4.0000000e+00 3.1851490e-08 9.9100000e+37 8.6692380e+01 2.0486000e+04
4.0000000e+00 3.2176970e-08 9.9100000e+37 8.7298830e+01 2.0486000e+04
4.0000000e+00 3.2011890e-08 9.9100000e+37 8.7904300e+01 2.0486000e+04
4.0000000e+00 3.2009070e-08 9.9100000e+37 8.8509770e+01 2.0486000e+04
4.0000000e+00 3.2263060e-08 9.9100000e+37 8.9116210e+01 2.0486000e+04
4.0000000e+00 3.1928530e-08 9.9100000e+37 8.9721680e+01 2.0486000e+04
4.0000000e+00 3.1763450e-08 9.9100000e+37 9.0328130e+01 2.0486000e+04
4.0000000e+00 3.2213300e-08 9.9100000e+37 9.0933590e+01 2.0486000e+04
4.0000000e+00 3.2181370e-08 9.9100000e+37 9.1540040e+01 2.0486000e+04
4.0000000e+00 3.2194570e-08 9.9100000e+37 9.2145510e+01 2.0486000e+04
4.0000000e+00 3.2217630e-08 9.9100000e+37 9.2750980e+01 2.0486000e+04
4.0000000e+00 3.2126030e-08 9.9100000e+37 9.3357420e+01 2.0486000e+04
4.0000000e+00 3.2057190e-08 9.9100000e+37 9.3962890e+01 2.0486000e+04
4.0000000e+00 3.2484840e-08 9.9100000e+37 9.4569340e+01 2.0486000e+04
4.0000000e+00 3.2480730e-08 9.9100000e+37 9.5174800e+01 2.0486000e+04
4.0000000e+00 3.2423730e-08 9.9100000e+37 9.5780270e+01 2.0486000e+04
4.0000000e+00 3.2362080e-08 9.9100000e+37 9.6386720e+01 2.0486000e+04
4.0000000e+00 3.2302400e-08 9.9100000e+37 9.6992190e+01 2.0486000e+04
4.0000000e+00 3.2348050e-08 9.9100000e+37 9.7598630e+01 2.0486000e+04
4.0000000e+00 3.2242260e-08 9.9100000e+37 9.8204100e+01 2.0486000e+04
4.0000000e+00 3.2229460e-08 9.9100000e+37 9.8810550e+01 2.0486000e+04
4.0000000e+00 3.2454730e-08 9.9100000e+37 9.9416020e+01 2.0486000e+04
4.0000000e+00 3.2270500e-08 9.9100000e+37 1.0002150e+02 2.0486000e+04
4.0000000e+00 3.2519960e-08 9.9100000e+37 1.0062790e+02 2.0486000e+04
4.0000000e+00 3.2254420e-08 9.9100000e+37 1.0123340e+02 2.0486000e+04
4.0000000e+00 3.2344470e-08 9.9100000e+37 1.0183980e+02 2.0486000e+04
4.0000000e+00 3.2334480e-08 9.9100000e+37 1.0244530e+02 2.0486000e+04
4.0000000e+00 3.2408070e-08 9.9100000e+37 1.0305180e+02 2.0486000e+04
4.0000000e+00 3.2487470e-08 9.9100000e+37 1.0365720e+02 2.0486000e+04
4.0000000e+00 3.2573520e-08 9.9100000e+37 1.0426270e+02 2.0486000e+04
4.0000000e+00 3.2634020e-08 9.9100000e+37 1.0486910e+02 2.0486000e+04
4.0000000e+00 3.2302360e-08 9.9100000e+37 1.0547460e+02 2.0486000e+04
4.0000000e+00 3.2863420e-08 9.9100000e+37 1.0608110e+02 2.0486000e+04
4.0000000e+00 3.2364620e-08 9.9100000e+37 1.0668650e+02 2.0486000e+04
4.0000000e+00 3.2536280e-08 9.9100000e+37 1.0729200e+02 2.0486000e+04
4.0000000e+00 3.2564230e-08 9.9100000e+37 1.0789840e+02 2.0486000e+04
4.0000000e+00 3.2514720e-08 9.9100000e+37 1.0850390e+02 2.0486000e+04
4.0000000e+00 3.3022920e-08 9.9100000e+37 1.0911040e+02 2.0486000e+04
4.0000000e+00 3.3223230e-08 9.9100000e+37 1.0971580e+02 2.0486000e+04
4.0000000e+00 3.3199150e-08 9.9100000e+37 1.1032130e+02 2.0486000e+04
4.0000000e+00 3.3630870e-08 9.9100000e+37 1.1092770e+02 2.0486000e+04
4.0000000e+00 3.3690420e-08 9.9100000e+37 1.1153320e+02 2.0486000e+04
4.0000000e+00 3.3446010e-08 9.9100000e+37 1.1213960e+02 2.0486000e+04
4.0000000e+00 3.3530590e-08 9.9100000e+37 1.1274510e+02 2.0486000e+04
4.0000000e+00 3.3626290e-08 9.9100000e+37 1.1335160e+02 2.0486000e+04
4.0000000e+00 3.3515020e-08 9.9100000e+37 1.1395700e+02 2.0486000e+04
4.0000000e+00 3.3485740e-08 9.9100000e+37 1.1456250e+02 2.0486000e+04
4.0000000e+00 3.3562730e-08 9.9100000e+37 1.1516890e+02 2.0486000e+04
4.0000000e+00 3.3678990e-08 9.9100000e+37 1.1577440e+02 2.0486000e+04
4.0000000e+00 3.3575050e-08 9.9100000e+37 1.1638090e+02 2.0486000e+04
4.0000000e+00 3.3846300e-08 9.9100000e+37 1.1698630e+02 2.0486000e+04
4.0000000e+00 3.3424690e-08 9.9100000e+37 1.1759180e+02 2.0486000e+04
4.0000000e+00 3.3605340e-08 9.9100000e+37 1.1819820e+02 2.0486000e+04
4.0000000e+00 3.3395450e-08 9.9100000e+37 1.1880370e+02 2.0486000e+04
4.0000000e+00 3.3083160e-08 9.9100000e+37 1.1941020e+02 2.0486000e+04
4.0000000e+00 3.3594070e-08 9.9100000e+37 1.2001560e+02 2.0486000e+04
4.0000000e+00 3.3507260e-08 9.9100000e+37 1.2062110e+02 2.0486000e+04
4.0000000e+00 3.3790300e-08 9.9100000e+37 1.2122750e+02 2.0486000e+04
4.0000000e+00 3.3577990e-08 9.9100000e+37 1.2183300e+02 2.0486000e+04
4.0000000e+00 3.3525840e-08 9.9100000e+37 1.2243950e+02 2.0486000e+04
4.0000000e+00 3.3163790e-08 9.9100000e+37 1.2304490e+02 2.0486000e+04
4.0000000e+00 3.3208760e-08 9.9100000e+37 1.2365140e+02 2.0486000e+04
