4.0000000e+00 1.1065430e-08 9.9100000e+37 0.0000000e+00 2.0486000e+04
3.9600000e+00 1.0988360e-08 9.9100000e+37 6.0351560e-01 2.0486000e+04
3.9200000e+00 1.1050610e-08 9.9100000e+37 1.2060550e+00 2.0486000e+04
3.8800000e+00 1.1040620e-08 9.9100000e+37 1.8095700e+00 2.0486000e+04
3.8400000e+00 1.1093640e-08 9.9100000e+37 2.4121090e+00 2.0486000e+04
3.8000000e+00 1.0991280e-08 9.9100000e+37 3.0156250e+00 2.0486000e+04
3.7600000e+00 1.1064320e-08 9.9100000e+37 3.6181640e+00 2.0486000e+04
3.7200000e+00 1.1051510e-08 9.9100000e+37 4.2216800e+00 2.0486000e+04
3.6800000e+00 1.1024940e-08 9.9100000e+37 4.8242190e+00 2.0486000e+04
3.6400000e+00 1.0987710e-08 9.9100000e+37 5.4277340e+00 2.0486000e+04
3.6000000e+00 1.1002290e-08 9.9100000e+37 6.0302730e+00 2.0486000e+04
3.5600000e+00 1.1026190e-08 9.9100000e+37 6.6337890e+00 2.0486000e+04
3.5200000e+00 1.0879120e-08 9.9100000e+37 7.2363280e+00 2.0486000e+04
3.4800000e+00 1.0911570e-08 9.9100000e+37 7.8398440e+00 2.0486000e+04
3.4400000e+00 1.0907250e-08 9.9100000e+37 8.4423830e+00 2.0486000e+04
3.4000000e+00 1.0886710e-08 9.9100000e+37 9.0458980e+00 2.0486000e+04
3.3600000e+00 1.0842430e-08 9.9100000e+37 9.6484380e+00 2.0486000e+04
3.3200000e+00 1.0739920e-08 9.9100000e+37 1.0251950e+01 2.0486000e+04
3.2800000e+00 1.0746700e-08 9.9100000e+37 1.0854490e+01 2.0486000e+04
3.2400000e+00 1.0746120e-08 9.9100000e+37 1.1458010e+01 2.0486000e+04
3.2000000e+00 1.0726480e-08 9.9100000e+37 1.2061520e+01 2.0486000e+04
3.1600000e+00 1.0650830e-08 9.9100000e+37 1.2664060e+01 2.0486000e+04
3.1200000e+00 1.0598030e-08 9.9100000e+37 1.3266600e+01 2.0486000e+04
3.0800000e+00 1.0544840e-08 9.9100000e+37 1.3870120e+01 2.0486000e+04
3.0400000e+00 1.0441250e-08 9.9100000e+37 1.4472660e+01 2.0486000e+04
3.0000000e+00 1.0425330e-08 9.9100000e+37 1.5076170e+01 2.0486000e+04
2.9600000e+00 1.0304810e-08 9.9100000e+37 1.5678710e+01 2.0486000e+04
2.9200000e+00 1.0321030e-08 9.9100000e+37 1.6282230e+01 2.0486000e+04
2.8800000e+00 1.0212310e-08 9.9100000e+37 1.6884770e+01 2.0486000e+04
2.8400000e+00 1.0129630e-08 9.9100000e+37 1.7488280e+01 2.0486000e+04
2.8000000e+00 1.0121180e-08 9.9100000e+37 1.8090820e+01 2.0486000e+04
2.7600000e+00 1.0064770e-08 9.9100000e+37 1.8694340e+01 2.0486000e+04
2.7200000e+00 1.0064220e-08 9.9100000e+37 1.9296880e+01 2.0486000e+04
2.6800000e+00 9.5628590e-09 9.9100000e+37 2.0519530e+01 2.0486000e+04
2.6400000e+00 9.5046990e-09 9.9100000e+37 2.1122070e+01 2.0486000e+04
2.6000000e+00 9.4519600e-09 9.9100000e+37 2.1725590e+01 2.0486000e+04
2.5600000e+00 9.4444450e-09 9.9100000e+37 2.2328130e+01 2.0486000e+04
2.5200000e+00 9.8309100e-09 9.9100000e+37 2.4163090e+01 2.0486000e+04
2.4800000e+00 9.2653880e-09 9.9100000e+37 2.5384770e+01 2.0486000e+04
2.4400000e+00 9.0593750e-09 9.9100000e+37 2.5988280e+01 2.0486000e+04
2.4000000e+00 8.9258890e-09 9.9100000e+37 2.6590820e+01 2.0486000e+04
2.3600000e+00 9.3668410e-09 9.9100000e+37 2.8425780e+01 2.0486000e+04
2.3200000e+00 8.8627580e-09 9.9100000e+37 2.9647460e+01 2.0486000e+04
2.2800000e+00 8.5870420e-09 9.9100000e+37 3.0250980e+01 2.0486000e+04
2.2400000e+00 8.2866940e-09 9.9100000e+37 3.0853520e+01 2.0486000e+04
2.2000000e+00 8.0717020e-09 9.9100000e+37 3.1457030e+01 2.0486000e+04
2.1600000e+00 7.7374120e-09 9.9100000e+37 3.2059570e+01 2.0486000e+04
2.1200000e+00 7.3055690e-09 9.9100000e+37 3.2663090e+01 2.0486000e+04
2.0800000e+00 6.9916530e-09 9.9100000e+37 3.3265630e+01 2.0486000e+04
2.0400000e+00 6.6742840e-09 9.9100000e+37 3.3869140e+01 2.0486000e+04
2.0000000e+00 6.2518500e-09 9.9100000e+37 3.4471680e+01 2.0486000e+04
1.9600000e+00 5.8401600e-09 9.9100000e+37 3.5075200e+01 2.0486000e+04
1.9200000e+00 5.4564070e-09 9.9100000e+37 3.5677730e+01 2.0486000e+04
1.8800000e+00 4.8931820e-09 9.9100000e+37 3.6281250e+01 2.0486000e+04
1.8400000e+00 4.5162130e-09 9.9100000e+37 3.6883790e+01 2.0486000e+04
1.8000000e+00 4.0399940e-09 9.9100000e+37 3.7487300e+01 2.0486000e+04
1.7600000e+00 3.5555090e-09 9.9100000e+37 3.8089840e+01 2.0486000e+04
1.7200000e+00 3.1335500e-09 9.9100000e+37 3.8693360e+01 2.0486000e+04
1.6800000e+00 2.7924420e-09 9.9100000e+37 3.9295900e+01 2.0486000e+04
1.6400000e+00 2.3905740e-09 9.9100000e+37 3.9899410e+01 2.0486000e+04
1.6000000e+00 2.1040570e-09 9.9100000e+37 4.0501950e+01 2.0486000e+04
1.5600000e+00 1.7589290e-09 9.9100000e+37 4.1105470e+01 2.0486000e+04
1.5200000e+00 1.5301660e-09 9.9100000e+37 4.1708010e+01 2.0486000e+04
1.4800000e+00 1.2821700e-09 9.9100000e+37 4.2311520e+01 2.0486000e+04
1.4400000e+00 1.0849920e-09 9.9100000e+37 4.2914060e+01 2.0486000e+04
1.4000000e+00 7.7310410e-10 9.9100000e+37 4.4175780e+01 2.0486000e+04
1.3600000e+00 6.7757410e-10 9.9100000e+37 4.4779300e+01 2.0486000e+04
1.3200000e+00 5.7417550e-10 9.9100000e+37 4.5382810e+01 2.0486000e+04
1.2800000e+00 4.7272720e-10 9.9100000e+37 4.5986330e+01 2.0486000e+04
1.2400000e+00 3.9147740e-10 9.9100000e+37 4.6589840e+01 2.0486000e+04
1.2000000e+00 3.2820710e-10 9.9100000e+37 4.7193360e+01 2.0486000e+04
1.1600000e+00 2.7375280e-10 9.9100000e+37 4.7795900e+01 2.0486000e+04
1.1200000e+00 2.3050520e-10 9.9100000e+37 4.8399410e+01 2.0486000e+04
1.0800000e+00 1.9376320e-10 9.9100000e+37 4.9002930e+01 2.0486000e+04
1.0400000e+00 1.6367540e-10 9.9100000e+37 4.9606450e+01 2.0486000e+04
1.0000000e+00 1.3912060e-10 9.9100000e+37 5.0209960e+01 2.0486000e+04
9.6000000e-01 1.1377940e-10 9.9100000e+37 5.0813480e+01 2.0486000e+04
9.2000000e-01 6.8303970e-11 9.9100000e+37 5.3498050e+01 2.0486000e+04
8.8000000e-01 5.0034340e-11 9.9100000e+37 5.6114260e+01 2.0486000e+04
8.4000000e-01 3.8822660e-11 9.9100000e+37 5.7923830e+01 2.0486000e+04
8.0000000e-01 3.1446780e-11 9.9100000e+37 5.9733400e+01 2.0486000e+04
7.6000000e-01 2.5535880e-11 9.9100000e+37 6.1542970e+01 2.0486000e+04
7.2000000e-01 2.1866190e-11 9.9100000e+37 6.3352540e+01 2.0486000e+04
6.8000000e-01 1.8232590e-11 9.9100000e+37 6.5161130e+01 2.0486000e+04
6.4000000e-01 1.5290860e-11 9.9100000e+37 6.6970700e+01 2.0486000e+04
6.0000000e-01 1.2356540e-11 9.9100000e+37 6.8780270e+01 2.0486000e+04
5.6000000e-01 1.0070540e-11 9.9100000e+37 7.0589840e+01 2.0486000e+04
5.2000000e-01 8.1241620e-12 9.9100000e+37 7.2399410e+01 2.0486000e+04
4.8000000e-01 6.2607070e-12 9.9100000e+37 7.4208980e+01 2.0486000e+04
4.4000000e-01 4.8203000e-12 9.9100000e+37 7.6017580e+01 2.0486000e+04
4.0000000e-01 3.6482670e-12 9.9100000e+37 7.7827150e+01 2.0486000e+04
3.6000000e-01 2.7134750e-12 9.9100000e+37 7.9636720e+01 2.0486000e+04
3.2000000e-01 1.9933430e-12 9.9100000e+37 8.1446290e+01 2.0486000e+04
2.8000000e-01 1.4509360e-12 9.9100000e+37 8.3255860e+01 2.0486000e+04
2.4000000e-01 1.0290480e-12 9.9100000e+37 8.5065430e+01 2.0486000e+04
2.0000000e-01 6.5684790e-13 9.9100000e+37 8.6875000e+01 2.0486000e+04
1.6000000e-01 4.2825100e-13 9.9100000e+37 8.8683590e+01 2.0486000e+04
1.2000000e-01 2.4284980e-13 9.9100000e+37 9.0493160e+01 2.0486000e+04
8.0000000e-02 1.1133240e-13 9.9100000e+37 9.2302730e+01 2.0486000e+04
4.0000000e-02 8.2283120e-15 9.9100000e+37 9.4112300e+01 2.0486000e+04
0.0000000e+00 -6.2222720e-14 9.9100000e+37 9.5921870e+01 2.0486000e+04
-4.0000000e-02 -1.2057590e-13 9.9100000e+37 9.7731450e+01 2.0486000e+04
-8.0000000e-02 -1.8232710e-13 9.9100000e+37 9.9541020e+01 2.0486000e+04
-1.2000000e-01 -2.4408960e-13 9.9100000e+37 1.0135060e+02 2.0486000e+04
-1.6000000e-01 -2.8639490e-13 9.9100000e+37 1.0316020e+02 2.0486000e+04
-2.0000000e-01 -3.5680310e-13 9.9100000e+37 1.0496970e+02 2.0486000e+04
-2.4000000e-01 -4.1452110e-13 9.9100000e+37 1.0677830e+02 2.0486000e+04
-2.8000000e-01 -5.1423120e-13 9.9100000e+37 1.0858790e+02 2.0486000e+04
-3.2000000e-01 -6.2587840e-13 9.9100000e+37 1.1039750e+02 2.0486000e+04
-3.6000000e-01 -8.1198300e-13 9.9100000e+37 1.1220700e+02 2.0486000e+04
-4.0000000e-01 -1.0246070e-12 9.9100000e+37 1.1401660e+02 2.0486000e+04
-4.4000000e-01 -1.2903990e-12 9.9100000e+37 1.1582620e+02 2.0486000e+04
-4.8000000e-01 -1.5802580e-12 9.9100000e+37 1.1763570e+02 2.0486000e+04
-5.2000000e-01 -1.8562110e-12 9.9100000e+37 1.1944530e+02 2.0486000e+04
-5.6000000e-01 -2.8479530e-12 9.9100000e+37 1.2125490e+02 2.0486000e+04
-6.0000000e-01 -3.5720010e-12 9.9100000e+37 1.2306350e+02 2.0486000e+04
-6.4000000e-01 -4.4201810e-12 9.9100000e+37 1.2487300e+02 2.0486000e+04
-6.8000000e-01 -5.4543850e-12 9.9100000e+37 1.2668260e+02 2.0486000e+04
-7.2000000e-01 -6.6428120e-12 9.9100000e+37 1.2849220e+02 2.0486000e+04
-7.6000000e-01 -8.1403480e-12 9.9100000e+37 1.3030180e+02 2.0486000e+04
-8.0000000e-01 -9.6360330e-12 9.9100000e+37 1.3211040e+02 2.0486000e+04
-8.4000000e-01 -1.1592880e-11 9.9100000e+37 1.3391990e+02 2.0486000e+04
-8.8000000e-01 -1.3937120e-11 9.9100000e+37 1.3572950e+02 2.0486000e+04
-9.2000000e-01 -1.6318420e-11 9.9100000e+37 1.3753910e+02 2.0486000e+04
-9.6000000e-01 -1.8918320e-11 9.9100000e+37 1.3934860e+02 2.0486000e+04
-1.0000000e+00 -2.2128420e-11 9.9100000e+37 1.4115820e+02 2.0486000e+04
-1.0400000e+00 -2.5769380e-11 9.9100000e+37 1.4296780e+02 2.0486000e+04
-1.0800000e+00 -2.9300340e-11 9.9100000e+37 1.4477730e+02 2.0486000e+04
-1.1200000e+00 -3.3536560e-11 9.9100000e+37 1.4658590e+02 2.0486000e+04
-1.1600000e+00 -3.6314680e-11 9.9100000e+37 1.4839550e+02 2.0486000e+04
-1.2000000e+00 -4.0852250e-11 9.9100000e+37 1.5020510e+02 2.0486000e+04
-1.2400000e+00 -4.5880060e-11 9.9100000e+37 1.5201460e+02 2.0486000e+04
-1.2800000e+00 -5.0041800e-11 9.9100000e+37 1.5382420e+02 2.0486000e+04
-1.3200000e+00 -5.5356540e-11 9.9100000e+37 1.5563380e+02 2.0486000e+04
-1.3600000e+00 -6.0188800e-11 9.9100000e+37 1.5744340e+02 2.0486000e+04
-1.4000000e+00 -6.4694490e-11 9.9100000e+37 1.5925200e+02 2.0486000e+04
-1.4400000e+00 -6.9476680e-11 9.9100000e+37 1.6106150e+02 2.0486000e+04
-1.4800000e+00 -7.4618440e-11 9.9100000e+37 1.6287110e+02 2.0486000e+04
-1.5200000e+00 -7.9802970e-11 9.9100000e+37 1.6468070e+02 2.0486000e+04
-1.5600000e+00 -1.0324030e-10 9.9100000e+37 1.6716020e+02 2.0486000e+04
-1.6000000e+00 -1.1055450e-10 9.9100000e+37 1.6776270e+02 2.0486000e+04
-1.6400000e+00 -1.1926260e-10 9.9100000e+37 1.6836620e+02 2.0486000e+04
-1.6800000e+00 -1.3034720e-10 9.9100000e+37 1.6896970e+02 2.0486000e+04
-1.7200000e+00 -1.4588960e-10 9.9100000e+37 1.6957320e+02 2.0486000e+04
-1.7600000e+00 -1.6261330e-10 9.9100000e+37 1.7017680e+02 2.0486000e+04
-1.8000000e+00 -1.8594180e-10 9.9100000e+37 1.7078030e+02 2.0486000e+04
-1.8400000e+00 -2.1333650e-10 9.9100000e+37 1.7138380e+02 2.0486000e+04
-1.8800000e+00 -2.4721990e-10 9.9100000e+37 1.7198630e+02 2.0486000e+04
-1.9200000e+00 -2.8781690e-10 9.9100000e+37 1.7258980e+02 2.0486000e+04
-1.9600000e+00 -3.4000620e-10 9.9100000e+37 1.7319340e+02 2.0486000e+04
-2.0000000e+00 -4.0546060e-10 9.9100000e+37 1.7379690e+02 2.0486000e+04
-2.0400000e+00 -4.9008980e-10 9.9100000e+37 1.7440040e+02 2.0486000e+04
-2.0800000e+00 -5.9804680e-10 9.9100000e+37 1.7500390e+02 2.0486000e+04
-2.1200000e+00 -9.6593410e-10 9.9100000e+37 1.7684860e+02 2.0486000e+04
-2.1600000e+00 -1.1529610e-09 9.9100000e+37 1.7745120e+02 2.0486000e+04
-2.2000000e+00 -1.3350700e-09 9.9100000e+37 1.7805470e+02 2.0486000e+04
-2.2400000e+00 -1.5844950e-09 9.9100000e+37 1.7865720e+02 2.0486000e+04
-2.2800000e+00 -1.8808000e-09 9.9100000e+37 1.7926070e+02 2.0486000e+04
-2.3200000e+00 -2.1860200e-09 9.9100000e+37 1.7986330e+02 2.0486000e+04
-2.3600000e+00 -2.5801770e-09 9.9100000e+37 1.8046680e+02 2.0486000e+04
-2.4000000e+00 -2.9626580e-09 9.9100000e+37 1.8106930e+02 2.0486000e+04
-2.4400000e+00 -3.4488310e-09 9.9100000e+37 1.8167290e+02 2.0486000e+04
-2.4800000e+00 -4.0798610e-09 9.9100000e+37 1.8227540e+02 2.0486000e+04
-2.5200000e+00 -4.6793950e-09 9.9100000e+37 1.8287890e+02 2.0486000e+04
-2.5600000e+00 -5.3838920e-09 9.9100000e+37 1.8348140e+02 2.0486000e+04
-2.6000000e+00 -6.0510370e-09 9.9100000e+37 1.8408500e+02 2.0486000e+04
-2.6400000e+00 -6.6601760e-09 9.9100000e+37 1.8468750e+02 2.0486000e+04
-2.6800000e+00 -7.3329560e-09 9.9100000e+37 1.8529100e+02 2.0486000e+04
-2.7200000e+00 -7.9585290e-09 9.9100000e+37 1.8589360e+02 2.0486000e+04
-2.7600000e+00 -8.4531310e-09 9.9100000e+37 1.8649710e+02 2.0486000e+04
-2.8000000e+00 -8.8172080e-09 9.9100000e+37 1.8709960e+02 2.0486000e+04
-2.8400000e+00 -8.8035260e-09 9.9100000e+37 1.8954300e+02 2.0486000e+04
-2.8800000e+00 -9.4109850e-09 9.9100000e+37 1.9260450e+02 2.0486000e+04
-2.9200000e+00 -9.6698990e-09 9.9100000e+37 1.9566600e+02 2.0486000e+04
-2.9600000e+00 -9.9273600e-09 9.9100000e+37 1.9872850e+02 2.0486000e+04
-3.0000000e+00 -1.0081320e-08 9.9100000e+37 1.9933110e+02 2.0486000e+04
-3.0400000e+00 -1.0228270e-08 9.9100000e+37 1.9993460e+02 2.0486000e+04
-3.0800000e+00 -1.0231650e-08 9.9100000e+37 2.0053710e+02 2.0486000e+04
-3.1200000e+00 -1.0232850e-08 9.9100000e+37 2.0114060e+02 2.0486000e+04
-3.1600000e+00 -1.0336120e-08 9.9100000e+37 2.0174320e+02 2.0486000e+04
-3.2000000e+00 -1.0470050e-08 9.9100000e+37 2.0234670e+02 2.0486000e+04
-3.2400000e+00 -1.0530660e-08 9.9100000e+37 2.0294920e+02 2.0486000e+04
-3.2800000e+00 -1.0602850e-08 9.9100000e+37 2.0355270e+02 2.0486000e+04
-3.3200000e+00 -1.0680560e-08 9.9100000e+37 2.0415530e+02 2.0486000e+04
-3.3600000e+00 -1.0743220e-08 9.9100000e+37 2.0475880e+02 2.0486000e+04
-3.4000000e+00 -1.0809840e-08 9.9100000e+37 2.0536130e+02 2.0486000e+04
-3.4400000e+00 -1.0858730e-08 9.9100000e+37 2.0596480e+02 2.0486000e+04
-3.4800000e+00 -1.0921090e-08 9.9100000e+37 2.0656740e+02 2.0486000e+04
-3.5200000e+00 -1.0994760e-08 9.9100000e+37 2.0717090e+02 2.0486000e+04
-3.5600000e+00 -1.1048240e-08 9.9100000e+37 2.0777340e+02 2.0486000e+04
-3.6000000e+00 -1.1046040e-08 9.9100000e+37 2.0837700e+02 2.0486000e+04
-3.6400000e+00 -1.1042270e-08 9.9100000e+37 2.0897950e+02 2.0486000e+04
-3.6800000e+00 -1.1092620e-08 9.9100000e+37 2.0958300e+02 2.0486000e+04
-3.7200000e+00 -1.1154170e-08 9.9100000e+37 2.1018550e+02 2.0486000e+04
-3.7600000e+00 -1.1115740e-08 9.9100000e+37 2.1078910e+02 2.0486000e+04
-3.8000000e+00 -1.1246810e-08 9.9100000e+37 2.1139160e+02 2.0486000e+04
-3.8400000e+00 -1.1267900e-08 9.9100000e+37 2.1199510e+02 2.0486000e+04
-3.8800000e+00 -1.1305000e-08 9.9100000e+37 2.1259770e+02 2.0486000e+04
-3.9200000e+00 -1.1371210e-08 9.9100000e+37 2.1320120e+02 2.0486000e+04
-3.9600000e+00 -1.1386670e-08 9.9100000e+37 2.1380370e+02 2.0486000e+04
-4.0000000e+00 -1.1414460e-08 9.9100000e+37 2.1440720e+02 2.0486000e+04
