-4.0000000e+00 -1.1329400e-08 9.9100000e+37 0.0000000e+00 2.0486000e+04
-3.9600000e+00 -1.1217330e-08 9.9100000e+37 6.0253910e-01 2.0486000e+04
-3.9200000e+00 -1.1109710e-08 9.9100000e+37 1.2060550e+00 2.0486000e+04
-3.8800000e+00 -1.1044830e-08 9.9100000e+37 1.8085940e+00 2.0486000e+04
-3.8400000e+00 -1.1002910e-08 9.9100000e+37 2.4121090e+00 2.0486000e+04
-3.8000000e+00 -1.0977530e-08 9.9100000e+37 3.0146480e+00 2.0486000e+04
-3.7600000e+00 -1.0949340e-08 9.9100000e+37 3.6181640e+00 2.0486000e+04
-3.7200000e+00 -1.0926890e-08 9.9100000e+37 4.2207030e+00 2.0486000e+04
-3.6800000e+00 -1.0907610e-08 9.9100000e+37 4.8242190e+00 2.0486000e+04
-3.6400000e+00 -1.0881620e-08 9.9100000e+37 5.4267580e+00 2.0486000e+04
-3.6000000e+00 -1.0879830e-08 9.9100000e+37 6.0302730e+00 2.0486000e+04
-3.5600000e+00 -1.0862770e-08 9.9100000e+37 6.6328130e+00 2.0486000e+04
-3.5200000e+00 -1.0846730e-08 9.9100000e+37 7.2363280e+00 2.0486000e+04
-3.4800000e+00 -1.0825630e-08 9.9100000e+37 7.8388670e+00 2.0486000e+04
-3.4400000e+00 -1.0809610e-08 9.9100000e+37 8.4423830e+00 2.0486000e+04
-3.4000000e+00 -1.0824390e-08 9.9100000e+37 9.0449220e+00 2.0486000e+04
-3.3600000e+00 -1.0813570e-08 9.9100000e+37 9.6484380e+00 2.0486000e+04
-3.3200000e+00 -1.0820080e-08 9.9100000e+37 1.0250980e+01 2.0486000e+04
-3.2800000e+00 -1.0774860e-08 9.9100000e+37 1.0854490e+01 2.0486000e+04
-3.2400000e+00 -1.0767610e-08 9.9100000e+37 1.1457030e+01 2.0486000e+04
-3.2000000e+00 -1.0756890e-08 9.9100000e+37 1.2060550e+01 2.0486000e+04
-3.1600000e+00 -1.0742340e-08 9.9100000e+37 1.2664060e+01 2.0486000e+04
-3.1200000e+00 -1.0724460e-08 9.9100000e+37 1.3266600e+01 2.0486000e+04
-3.0800000e+00 -1.0704610e-08 9.9100000e+37 1.3869140e+01 2.0486000e+04
-3.0400000e+00 -1.0694690e-08 9.9100000e+37 1.4472660e+01 2.0486000e+04
-3.0000000e+00 -1.0688690e-08 9.9100000e+37 1.5075200e+01 2.0486000e+04
-2.9600000e+00 -1.0670000e-08 9.9100000e+37 1.5678710e+01 2.0486000e+04
-2.9200000e+00 -1.0644440e-08 9.9100000e+37 1.6281250e+01 2.0486000e+04
-2.8800000e+00 -1.0620250e-08 9.9100000e+37 1.6884770e+01 2.0486000e+04
-2.8400000e+00 -1.0610530e-08 9.9100000e+37 1.7487300e+01 2.0486000e+04
-2.8000000e+00 -1.0592480e-08 9.9100000e+37 1.8090820e+01 2.0486000e+04
-2.7600000e+00 -1.0566220e-08 9.9100000e+37 1.8693360e+01 2.0486000e+04
-2.7200000e+00 -1.0551380e-08 9.9100000e+37 1.9296880e+01 2.0486000e+04
-2.6800000e+00 -1.0524860e-08 9.9100000e+37 1.9899410e+01 2.0486000e+04
-2.6400000e+00 -1.0493040e-08 9.9100000e+37 2.0502930e+01 2.0486000e+04
-2.6000000e+00 -1.0463080e-08 9.9100000e+37 2.1105470e+01 2.0486000e+04
-2.5600000e+00 -1.0425120e-08 9.9100000e+37 2.1708980e+01 2.0486000e+04
-2.5200000e+00 -1.0407400e-08 9.9100000e+37 2.2311520e+01 2.0486000e+04
-2.4800000e+00 -1.0378180e-08 9.9100000e+37 2.2915040e+01 2.0486000e+04
-2.4400000e+00 -1.0330750e-08 9.9100000e+37 2.3517580e+01 2.0486000e+04
-2.4000000e+00 -1.0306050e-08 9.9100000e+37 2.4121090e+01 2.0486000e+04
-2.3600000e+00 -1.0269570e-08 9.9100000e+37 2.4723630e+01 2.0486000e+04
-2.3200000e+00 -1.0244130e-08 9.9100000e+37 2.5327150e+01 2.0486000e+04
-2.2800000e+00 -1.0204040e-08 9.9100000e+37 2.5929690e+01 2.0486000e+04
-2.2400000e+00 -1.0151870e-08 9.9100000e+37 2.6533200e+01 2.0486000e+04
-2.2000000e+00 -1.0098720e-08 9.9100000e+37 2.7135740e+01 2.0486000e+04
-2.1600000e+00 -1.0065990e-08 9.9100000e+37 2.7739260e+01 2.0486000e+04
-2.1200000e+00 -1.0029100e-08 9.9100000e+37 2.8341800e+01 2.0486000e+04
-2.0800000e+00 -9.8132430e-09 9.9100000e+37 2.9564450e+01 2.0486000e+04
-2.0400000e+00 -9.8248690e-09 9.9100000e+37 3.2006840e+01 2.0486000e+04
-2.0000000e+00 -9.8359680e-09 9.9100000e+37 3.5069340e+01 2.0486000e+04
-1.9600000e+00 -9.7742530e-09 9.9100000e+37 3.8130860e+01 2.0486000e+04
-1.9200000e+00 -9.7459840e-09 9.9100000e+37 4.1192380e+01 2.0486000e+04
-1.8800000e+00 -9.7216090e-09 9.9100000e+37 4.4254880e+01 2.0486000e+04
-1.8400000e+00 -9.5903040e-09 9.9100000e+37 4.6708010e+01 2.0486000e+04
-1.8000000e+00 -9.4848950e-09 9.9100000e+37 4.7929690e+01 2.0486000e+04
-1.7600000e+00 -8.9674830e-09 9.9100000e+37 4.8533200e+01 2.0486000e+04
-1.7200000e+00 -9.1842630e-09 9.9100000e+37 5.0368160e+01 2.0486000e+04
-1.6800000e+00 -9.2973970e-09 9.9100000e+37 5.1589840e+01 2.0486000e+04
-1.6400000e+00 -8.7383880e-09 9.9100000e+37 5.2192380e+01 2.0486000e+04
-1.6000000e+00 -9.0082860e-09 9.9100000e+37 5.4027340e+01 2.0486000e+04
-1.5600000e+00 -9.0970830e-09 9.9100000e+37 5.5249020e+01 2.0486000e+04
-1.5200000e+00 -8.5162930e-09 9.9100000e+37 5.5852540e+01 2.0486000e+04
-1.4800000e+00 -8.1974900e-09 9.9100000e+37 5.6455080e+01 2.0486000e+04
-1.4400000e+00 -8.6656620e-09 9.9100000e+37 5.8290040e+01 2.0486000e+04
-1.4000000e+00 -8.7463070e-09 9.9100000e+37 5.9511720e+01 2.0486000e+04
-1.3600000e+00 -8.1191680e-09 9.9100000e+37 6.0115230e+01 2.0486000e+04
-1.3200000e+00 -7.8188340e-09 9.9100000e+37 6.0717770e+01 2.0486000e+04
-1.2800000e+00 -8.3313600e-09 9.9100000e+37 6.2552730e+01 2.0486000e+04
-1.2400000e+00 -8.3554160e-09 9.9100000e+37 6.3774410e+01 2.0486000e+04
-1.2000000e+00 -7.7186770e-09 9.9100000e+37 6.4377930e+01 2.0486000e+04
-1.1600000e+00 -8.0483780e-09 9.9100000e+37 6.6212890e+01 2.0486000e+04
-1.1200000e+00 -8.0213230e-09 9.9100000e+37 6.7434570e+01 2.0486000e+04
-1.0800000e+00 -7.3958460e-09 9.9100000e+37 6.8037110e+01 2.0486000e+04
-1.0400000e+00 -7.1011720e-09 9.9100000e+37 6.8640630e+01 2.0486000e+04
-1.0000000e+00 -7.5537100e-09 9.9100000e+37 7.0475590e+01 2.0486000e+04
-9.6000000e-01 -7.4740440e-09 9.9100000e+37 7.1697270e+01 2.0486000e+04
-9.2000000e-01 -6.8933700e-09 9.9100000e+37 7.2299800e+01 2.0486000e+04
-8.8000000e-01 -7.0884500e-09 9.9100000e+37 7.4134770e+01 2.0486000e+04
-8.4000000e-01 -7.2912560e-09 9.9100000e+37 7.5356450e+01 2.0486000e+04
-8.0000000e-01 -6.5044920e-09 9.9100000e+37 7.5959960e+01 2.0486000e+04
-7.6000000e-01 -6.2293030e-09 9.9100000e+37 7.6562500e+01 2.0486000e+04
-7.2000000e-01 -6.3414010e-09 9.9100000e+37 7.8397460e+01 2.0486000e+04
-6.8000000e-01 -6.2891830e-09 9.9100000e+37 7.9619140e+01 2.0486000e+04
-6.4000000e-01 -5.7497740e-09 9.9100000e+37 8.0222660e+01 2.0486000e+04
-6.0000000e-01 -5.5064650e-09 9.9100000e+37 8.0825200e+01 2.0486000e+04
-5.6000000e-01 -5.3512870e-09 9.9100000e+37 8.2660160e+01 2.0486000e+04
-5.2000000e-01 -5.4930900e-09 9.9100000e+37 8.3881840e+01 2.0486000e+04
-4.8000000e-01 -4.9979110e-09 9.9100000e+37 8.4485350e+01 2.0486000e+04
-4.4000000e-01 -4.5957910e-09 9.9100000e+37 8.5087890e+01 2.0486000e+04
-4.0000000e-01 -4.1681580e-09 9.9100000e+37 8.5691410e+01 2.0486000e+04
-3.6000000e-01 -3.7130320e-09 9.9100000e+37 8.6293950e+01 2.0486000e+04
-3.2000000e-01 -3.2778970e-09 9.9100000e+37 8.6897460e+01 2.0486000e+04
-2.8000000e-01 -2.8401080e-09 9.9100000e+37 8.7500980e+01 2.0486000e+04
-2.4000000e-01 -2.3572660e-09 9.9100000e+37 8.8103520e+01 2.0486000e+04
-2.0000000e-01 -1.8611270e-09 9.9100000e+37 8.8707030e+01 2.0486000e+04
-1.6000000e-01 -1.3593390e-09 9.9100000e+37 8.9309570e+01 2.0486000e+04
-1.2000000e-01 -7.7775130e-10 9.9100000e+37 9.0571290e+01 2.0486000e+04
-8.0000000e-02 -4.9996530e-10 9.9100000e+37 9.1174800e+01 2.0486000e+04
-4.0000000e-02 -1.3615540e-11 9.9100000e+37 9.3791990e+01 2.0486000e+04
0.0000000e+00 8.4797670e-11 9.9100000e+37 9.5601560e+01 2.0486000e+04
4.0000000e-02 1.1478660e-09 9.9100000e+37 9.8041020e+01 2.0486000e+04
8.0000000e-02 1.5606770e-09 9.9100000e+37 9.8644530e+01 2.0486000e+04
1.2000000e-01 1.9836780e-09 9.9100000e+37 9.9247070e+01 2.0486000e+04
1.6000000e-01 2.4456250e-09 9.9100000e+37 9.9850590e+01 2.0486000e+04
2.0000000e-01 2.9013920e-09 9.9100000e+37 1.0045310e+02 2.0486000e+04
2.4000000e-01 3.3820700e-09 9.9100000e+37 1.0105660e+02 2.0486000e+04
2.8000000e-01 3.8596000e-09 9.9100000e+37 1.0165920e+02 2.0486000e+04
3.2000000e-01 4.2741020e-09 9.9100000e+37 1.0226270e+02 2.0486000e+04
3.6000000e-01 4.7527250e-09 9.9100000e+37 1.0286520e+02 2.0486000e+04
4.0000000e-01 5.1231580e-09 9.9100000e+37 1.0346870e+02 2.0486000e+04
4.4000000e-01 5.4446180e-09 9.9100000e+37 1.0407130e+02 2.0486000e+04
4.8000000e-01 6.1047290e-09 9.9100000e+37 1.0590630e+02 2.0486000e+04
5.2000000e-01 5.7175730e-09 9.9100000e+37 1.0712790e+02 2.0486000e+04
5.6000000e-01 6.2159540e-09 9.9100000e+37 1.0773140e+02 2.0486000e+04
6.0000000e-01 6.5748990e-09 9.9100000e+37 1.0833400e+02 2.0486000e+04
6.4000000e-01 7.3556230e-09 9.9100000e+37 1.1016890e+02 2.0486000e+04
6.8000000e-01 6.8553820e-09 9.9100000e+37 1.1139060e+02 2.0486000e+04
7.2000000e-01 7.3042380e-09 9.9100000e+37 1.1199410e+02 2.0486000e+04
7.6000000e-01 8.2073440e-09 9.9100000e+37 1.1382910e+02 2.0486000e+04
8.0000000e-01 7.5829600e-09 9.9100000e+37 1.1505080e+02 2.0486000e+04
8.4000000e-01 7.9842360e-09 9.9100000e+37 1.1565330e+02 2.0486000e+04
8.8000000e-01 8.2759500e-09 9.9100000e+37 1.1625680e+02 2.0486000e+04
9.2000000e-01 9.0683970e-09 9.9100000e+37 1.1809180e+02 2.0486000e+04
9.6000000e-01 8.4162050e-09 9.9100000e+37 1.1931350e+02 2.0486000e+04
1.0000000e+00 8.7336440e-09 9.9100000e+37 1.1991600e+02 2.0486000e+04
1.0400000e+00 9.5011340e-09 9.9100000e+37 1.2175100e+02 2.0486000e+04
1.0800000e+00 8.9045480e-09 9.9100000e+37 1.2297270e+02 2.0486000e+04
1.1200000e+00 9.1337340e-09 9.9100000e+37 1.2357620e+02 2.0486000e+04
1.1600000e+00 9.8156230e-09 9.9100000e+37 1.2541110e+02 2.0486000e+04
1.2000000e+00 9.2403520e-09 9.9100000e+37 1.2663280e+02 2.0486000e+04
1.2400000e+00 9.4073500e-09 9.9100000e+37 1.2723540e+02 2.0486000e+04
1.2800000e+00 9.4936140e-09 9.9100000e+37 1.2783890e+02 2.0486000e+04
1.3200000e+00 1.0079840e-08 9.9100000e+37 1.2967380e+02 2.0486000e+04
1.3600000e+00 1.0107850e-08 9.9100000e+37 1.3027640e+02 2.0486000e+04
1.4000000e+00 1.0147870e-08 9.9100000e+37 1.3087990e+02 2.0486000e+04
1.4400000e+00 1.0188670e-08 9.9100000e+37 1.3148240e+02 2.0486000e+04
1.4800000e+00 1.0226990e-08 9.9100000e+37 1.3208590e+02 2.0486000e+04
1.5200000e+00 1.0264490e-08 9.9100000e+37 1.3268850e+02 2.0486000e+04
1.5600000e+00 1.0295680e-08 9.9100000e+37 1.3329200e+02 2.0486000e+04
1.6000000e+00 1.0323440e-08 9.9100000e+37 1.3389450e+02 2.0486000e+04
1.6400000e+00 1.0347380e-08 9.9100000e+37 1.3449800e+02 2.0486000e+04
1.6800000e+00 1.0365750e-08 9.9100000e+37 1.3510060e+02 2.0486000e+04
1.7200000e+00 1.0382840e-08 9.9100000e+37 1.3570410e+02 2.0486000e+04
1.7600000e+00 1.0396860e-08 9.9100000e+37 1.3630660e+02 2.0486000e+04
1.8000000e+00 1.0408920e-08 9.9100000e+37 1.3691020e+02 2.0486000e+04
1.8400000e+00 1.0418120e-08 9.9100000e+37 1.3751270e+02 2.0486000e+04
1.8800000e+00 1.0428580e-08 9.9100000e+37 1.3811620e+02 2.0486000e+04
1.9200000e+00 1.0435350e-08 9.9100000e+37 1.3871880e+02 2.0486000e+04
1.9600000e+00 1.0438670e-08 9.9100000e+37 1.3932230e+02 2.0486000e+04
2.0000000e+00 1.0443890e-08 9.9100000e+37 1.3992480e+02 2.0486000e+04
2.0400000e+00 1.0447940e-08 9.9100000e+37 1.4052830e+02 2.0486000e+04
2.0800000e+00 1.0455930e-08 9.9100000e+37 1.4113090e+02 2.0486000e+04
2.1200000e+00 1.0460230e-08 9.9100000e+37 1.4173440e+02 2.0486000e+04
2.1600000e+00 1.0463170e-08 9.9100000e+37 1.4233690e+02 2.0486000e+04
2.2000000e+00 1.0465540e-08 9.9100000e+37 1.4294040e+02 2.0486000e+04
2.2400000e+00 1.0464570e-08 9.9100000e+37 1.4354300e+02 2.0486000e+04
2.2800000e+00 1.0464080e-08 9.9100000e+37 1.4414650e+02 2.0486000e+04
2.3200000e+00 1.0468570e-08 9.9100000e+37 1.4474900e+02 2.0486000e+04
2.3600000e+00 1.0469790e-08 9.9100000e+37 1.4535250e+02 2.0486000e+04
2.4000000e+00 1.0470450e-08 9.9100000e+37 1.4595510e+02 2.0486000e+04
2.4400000e+00 1.0471980e-08 9.9100000e+37 1.4655860e+02 2.0486000e+04
2.4800000e+00 1.0471380e-08 9.9100000e+37 1.4716110e+02 2.0486000e+04
2.5200000e+00 1.0473460e-08 9.9100000e+37 1.4776460e+02 2.0486000e+04
2.5600000e+00 1.0471950e-08 9.9100000e+37 1.4836720e+02 2.0486000e+04
2.6000000e+00 1.0471410e-08 9.9100000e+37 1.4897070e+02 2.0486000e+04
2.6400000e+00 1.0473170e-08 9.9100000e+37 1.4957320e+02 2.0486000e+04
2.6800000e+00 1.0476490e-08 9.9100000e+37 1.5017680e+02 2.0486000e+04
2.7200000e+00 1.0476030e-08 9.9100000e+37 1.5077930e+02 2.0486000e+04
2.7600000e+00 1.0479030e-08 9.9100000e+37 1.5138280e+02 2.0486000e+04
2.8000000e+00 1.0480890e-08 9.9100000e+37 1.5198540e+02 2.0486000e+04
2.8400000e+00 1.0481880e-08 9.9100000e+37 1.5258890e+02 2.0486000e+04
2.8800000e+00 1.0482620e-08 9.9100000e+37 1.5319140e+02 2.0486000e+04
2.9200000e+00 1.0484460e-08 9.9100000e+37 1.5379490e+02 2.0486000e+04
2.9600000e+00 1.0482980e-08 9.9100000e+37 1.5439750e+02 2.0486000e+04
3.0000000e+00 1.0486640e-08 9.9100000e+37 1.5500100e+02 2.0486000e+04
3.0400000e+00 1.0492570e-08 9.9100000e+37 1.5560350e+02 2.0486000e+04
3.0800000e+00 1.0492250e-08 9.9100000e+37 1.5620700e+02 2.0486000e+04
3.1200000e+00 1.0491360e-08 9.9100000e+37 1.5680960e+02 2.0486000e+04
3.1600000e+00 1.0494020e-08 9.9100000e+37 1.5741310e+02 2.0486000e+04
3.2000000e+00 1.0494940e-08 9.9100000e+37 1.5801560e+02 2.0486000e+04
3.2400000e+00 1.0496310e-08 9.9100000e+37 1.5861910e+02 2.0486000e+04
3.2800000e+00 1.0496540e-08 9.9100000e+37 1.5922170e+02 2.0486000e+04
3.3200000e+00 1.0498680e-08 9.9100000e+37 1.5982520e+02 2.0486000e+04
3.3600000e+00 1.0500080e-08 9.9100000e+37 1.6042770e+02 2.0486000e+04
3.4000000e+00 1.0497720e-08 9.9100000e+37 1.6103130e+02 2.0486000e+04
3.4400000e+00 1.0498650e-08 9.9100000e+37 1.6163380e+02 2.0486000e+04
3.4800000e+00 1.0499010e-08 9.9100000e+37 1.6223730e+02 2.0486000e+04
3.5200000e+00 1.0500340e-08 9.9100000e+37 1.6283980e+02 2.0486000e+04
3.5600000e+00 1.0500630e-08 9.9100000e+37 1.6344340e+02 2.0486000e+04
3.6000000e+00 1.0501810e-08 9.9100000e+37 1.6404590e+02 2.0486000e+04
3.6400000e+00 1.0502660e-08 9.9100000e+37 1.6464940e+02 2.0486000e+04
3.6800000e+00 1.0500140e-08 9.9100000e+37 1.6525200e+02 2.0486000e+04
3.7200000e+00 1.0501060e-08 9.9100000e+37 1.6585550e+02 2.0486000e+04
3.7600000e+00 1.0497250e-08 9.9100000e+37 1.6645800e+02 2.0486000e+04
3.8000000e+00 1.0498200e-08 9.9100000e+37 1.6706150e+02 2.0486000e+04
3.8400000e+00 1.0500010e-08 9.9100000e+37 1.6766410e+02 2.0486000e+04
3.8800000e+00 1.0496210e-08 9.9100000e+37 1.6826760e+02 2.0486000e+04
3.9200000e+00 1.0498270e-08 9.9100000e+37 1.6887010e+02 2.0486000e+04
3.9600000e+00 1.0496420e-08 9.9100000e+37 1.6947360e+02 2.0486000e+04
4.0000000e+00 1.0497610e-08 9.9100000e+37 1.7007620e+02 2.0486000e+04
