4.0000000e+00 1.0604070e-08 9.9100000e+37 0.0000000e+00 2.0486000e+04
3.9600000e+00 1.0593390e-08 9.9100000e+37 6.0351560e-01 2.0486000e+04
3.9200000e+00 1.0585990e-08 9.9100000e+37 1.2060550e+00 2.0486000e+04
3.8800000e+00 1.0581620e-08 9.9100000e+37 1.8095700e+00 2.0486000e+04
3.8400000e+00 1.0576130e-08 9.9100000e+37 2.4121090e+00 2.0486000e+04
3.8000000e+00 1.0568640e-08 9.9100000e+37 3.0156250e+00 2.0486000e+04
3.7600000e+00 1.0562480e-08 9.9100000e+37 3.6181640e+00 2.0486000e+04
3.7200000e+00 1.0556560e-08 9.9100000e+37 4.2216800e+00 2.0486000e+04
3.6800000e+00 1.0557480e-08 9.9100000e+37 4.8242190e+00 2.0486000e+04
3.6400000e+00 1.0549210e-08 9.9100000e+37 5.4277340e+00 2.0486000e+04
3.6000000e+00 1.0542410e-08 9.9100000e+37 6.0302730e+00 2.0486000e+04
3.5600000e+00 1.0525720e-08 9.9100000e+37 6.6337890e+00 2.0486000e+04
3.5200000e+00 1.0517120e-08 9.9100000e+37 7.2363280e+00 2.0486000e+04
3.4800000e+00 1.0511600e-08 9.9100000e+37 7.8398440e+00 2.0486000e+04
3.4400000e+00 1.0502240e-08 9.9100000e+37 8.4423830e+00 2.0486000e+04
3.4000000e+00 1.0495010e-08 9.9100000e+37 9.0458980e+00 2.0486000e+04
3.3600000e+00 1.0487740e-08 9.9100000e+37 9.6484380e+00 2.0486000e+04
3.3200000e+00 1.0480640e-08 9.9100000e+37 1.0251950e+01 2.0486000e+04
3.2800000e+00 1.0470140e-08 9.9100000e+37 1.0854490e+01 2.0486000e+04
3.2400000e+00 1.0458680e-08 9.9100000e+37 1.1458010e+01 2.0486000e+04
3.2000000e+00 1.0450280e-08 9.9100000e+37 1.2060550e+01 2.0486000e+04
3.1600000e+00 1.0437470e-08 9.9100000e+37 1.2664060e+01 2.0486000e+04
3.1200000e+00 1.0426080e-08 9.9100000e+37 1.3266600e+01 2.0486000e+04
3.0800000e+00 1.0415430e-08 9.9100000e+37 1.3870120e+01 2.0486000e+04
3.0400000e+00 1.0399750e-08 9.9100000e+37 1.4472660e+01 2.0486000e+04
3.0000000e+00 1.0382490e-08 9.9100000e+37 1.5076170e+01 2.0486000e+04
2.9600000e+00 1.0366490e-08 9.9100000e+37 1.5678710e+01 2.0486000e+04
2.9200000e+00 1.0352030e-08 9.9100000e+37 1.6282230e+01 2.0486000e+04
2.8800000e+00 1.0330910e-08 9.9100000e+37 1.6884770e+01 2.0486000e+04
2.8400000e+00 1.0311940e-08 9.9100000e+37 1.7488280e+01 2.0486000e+04
2.8000000e+00 1.0295950e-08 9.9100000e+37 1.8090820e+01 2.0486000e+04
2.7600000e+00 1.0275790e-08 9.9100000e+37 1.8694340e+01 2.0486000e+04
2.7200000e+00 1.0250710e-08 9.9100000e+37 1.9296880e+01 2.0486000e+04
2.6800000e+00 1.0233160e-08 9.9100000e+37 1.9900390e+01 2.0486000e+04
2.6400000e+00 1.0208330e-08 9.9100000e+37 2.0502930e+01 2.0486000e+04
2.6000000e+00 1.0187130e-08 9.9100000e+37 2.1106450e+01 2.0486000e+04
2.5600000e+00 1.0166160e-08 9.9100000e+37 2.1708980e+01 2.0486000e+04
2.5200000e+00 1.0146390e-08 9.9100000e+37 2.2312500e+01 2.0486000e+04
2.4800000e+00 1.0120890e-08 9.9100000e+37 2.2915040e+01 2.0486000e+04
2.4400000e+00 1.0100380e-08 9.9100000e+37 2.3518550e+01 2.0486000e+04
2.4000000e+00 1.0068150e-08 9.9100000e+37 2.4121090e+01 2.0486000e+04
2.3600000e+00 1.0040970e-08 9.9100000e+37 2.4724610e+01 2.0486000e+04
2.3200000e+00 1.0029420e-08 9.9100000e+37 2.5327150e+01 2.0486000e+04
2.2800000e+00 1.0014770e-08 9.9100000e+37 2.7781250e+01 2.0486000e+04
2.2400000e+00 1.0013640e-08 9.9100000e+37 3.0235350e+01 2.0486000e+04
2.2000000e+00 9.4168960e-09 9.9100000e+37 3.1457030e+01 2.0486000e+04
2.1600000e+00 9.4960740e-09 9.9100000e+37 3.2059570e+01 2.0486000e+04
2.1200000e+00 9.9856570e-09 9.9100000e+37 3.3894530e+01 2.0486000e+04
2.0800000e+00 9.3519380e-09 9.9100000e+37 3.5116210e+01 2.0486000e+04
2.0400000e+00 9.4289720e-09 9.9100000e+37 3.5719730e+01 2.0486000e+04
2.0000000e+00 9.9331070e-09 9.9100000e+37 3.7554690e+01 2.0486000e+04
1.9600000e+00 9.2288110e-09 9.9100000e+37 3.8776370e+01 2.0486000e+04
1.9200000e+00 9.3217810e-09 9.9100000e+37 3.9378910e+01 2.0486000e+04
1.8800000e+00 9.8648230e-09 9.9100000e+37 4.1213870e+01 2.0486000e+04
1.8400000e+00 9.1235240e-09 9.9100000e+37 4.2435550e+01 2.0486000e+04
1.8000000e+00 9.2092670e-09 9.9100000e+37 4.3039060e+01 2.0486000e+04
1.7600000e+00 9.7532480e-09 9.9100000e+37 4.4873050e+01 2.0486000e+04
1.7200000e+00 8.9173040e-09 9.9100000e+37 4.6095700e+01 2.0486000e+04
1.6800000e+00 9.0298400e-09 9.9100000e+37 4.6698240e+01 2.0486000e+04
1.6400000e+00 9.6410920e-09 9.9100000e+37 4.8533200e+01 2.0486000e+04
1.6000000e+00 8.7325220e-09 9.9100000e+37 4.9754880e+01 2.0486000e+04
1.5600000e+00 8.8534180e-09 9.9100000e+37 5.0358400e+01 2.0486000e+04
1.5200000e+00 8.8387560e-09 9.9100000e+37 5.0960940e+01 2.0486000e+04
1.4800000e+00 9.4265200e-09 9.9100000e+37 5.2795900e+01 2.0486000e+04
1.4400000e+00 8.3977850e-09 9.9100000e+37 5.4017580e+01 2.0486000e+04
1.4000000e+00 8.5248140e-09 9.9100000e+37 5.4621090e+01 2.0486000e+04
1.3600000e+00 9.2058040e-09 9.9100000e+37 5.6455080e+01 2.0486000e+04
1.3200000e+00 8.1372860e-09 9.9100000e+37 5.7677730e+01 2.0486000e+04
1.2800000e+00 8.2718980e-09 9.9100000e+37 5.8280270e+01 2.0486000e+04
1.2400000e+00 8.9432590e-09 9.9100000e+37 6.0115230e+01 2.0486000e+04
1.2000000e+00 7.8339570e-09 9.9100000e+37 6.1336910e+01 2.0486000e+04
1.1600000e+00 7.9450430e-09 9.9100000e+37 6.1940430e+01 2.0486000e+04
1.1200000e+00 8.6081910e-09 9.9100000e+37 6.3774410e+01 2.0486000e+04
1.0800000e+00 7.4888290e-09 9.9100000e+37 6.4997070e+01 2.0486000e+04
1.0400000e+00 7.5926850e-09 9.9100000e+37 6.5599610e+01 2.0486000e+04
1.0000000e+00 8.1758090e-09 9.9100000e+37 6.7434570e+01 2.0486000e+04
9.6000000e-01 7.1335080e-09 9.9100000e+37 6.8656250e+01 2.0486000e+04
9.2000000e-01 7.2255530e-09 9.9100000e+37 6.9259770e+01 2.0486000e+04
8.8000000e-01 7.1767600e-09 9.9100000e+37 6.9862300e+01 2.0486000e+04
8.4000000e-01 7.4707060e-09 9.9100000e+37 7.1697270e+01 2.0486000e+04
8.0000000e-01 6.4869240e-09 9.9100000e+37 7.2918950e+01 2.0486000e+04
7.6000000e-01 6.5756840e-09 9.9100000e+37 7.3522460e+01 2.0486000e+04
7.2000000e-01 6.8748570e-09 9.9100000e+37 7.5356450e+01 2.0486000e+04
6.8000000e-01 5.9036480e-09 9.9100000e+37 7.6579100e+01 2.0486000e+04
6.4000000e-01 5.9625110e-09 9.9100000e+37 7.7181640e+01 2.0486000e+04
6.0000000e-01 5.8725510e-09 9.9100000e+37 7.7785160e+01 2.0486000e+04
5.6000000e-01 5.9377330e-09 9.9100000e+37 7.9620120e+01 2.0486000e+04
5.2000000e-01 4.9631890e-09 9.9100000e+37 8.0841800e+01 2.0486000e+04
4.8000000e-01 4.9502010e-09 9.9100000e+37 8.1444340e+01 2.0486000e+04
4.4000000e-01 5.0844180e-09 9.9100000e+37 8.3279300e+01 2.0486000e+04
4.0000000e-01 4.0762740e-09 9.9100000e+37 8.4500980e+01 2.0486000e+04
3.6000000e-01 3.9950560e-09 9.9100000e+37 8.5104490e+01 2.0486000e+04
3.2000000e-01 3.7481240e-09 9.9100000e+37 8.5708010e+01 2.0486000e+04
2.8000000e-01 3.3824340e-09 9.9100000e+37 8.6310550e+01 2.0486000e+04
2.4000000e-01 2.9239890e-09 9.9100000e+37 8.6913090e+01 2.0486000e+04
2.0000000e-01 2.4743080e-09 9.9100000e+37 8.7516600e+01 2.0486000e+04
1.6000000e-01 2.0287250e-09 9.9100000e+37 8.8119140e+01 2.0486000e+04
1.2000000e-01 1.6322790e-09 9.9100000e+37 8.8722660e+01 2.0486000e+04
8.0000000e-02 1.2166370e-09 9.9100000e+37 8.9325200e+01 2.0486000e+04
4.0000000e-02 5.6413560e-10 9.9100000e+37 9.0587890e+01 2.0486000e+04
0.0000000e+00 3.3478130e-10 9.9100000e+37 9.1190430e+01 2.0486000e+04
-4.0000000e-02 -3.3942780e-11 9.9100000e+37 9.3807620e+01 2.0486000e+04
-8.0000000e-02 -3.3376840e-10 9.9100000e+37 9.6287110e+01 2.0486000e+04
-1.2000000e-01 -6.7936300e-10 9.9100000e+37 9.6890630e+01 2.0486000e+04
-1.6000000e-01 -7.7874530e-10 9.9100000e+37 9.8735350e+01 2.0486000e+04
-2.0000000e-01 -1.1057130e-09 9.9100000e+37 9.9337890e+01 2.0486000e+04
-2.4000000e-01 -1.4111510e-09 9.9100000e+37 9.9941410e+01 2.0486000e+04
-2.8000000e-01 -1.6981760e-09 9.9100000e+37 1.0054390e+02 2.0486000e+04
-3.2000000e-01 -1.9491220e-09 9.9100000e+37 1.0114750e+02 2.0486000e+04
-3.6000000e-01 -2.2393240e-09 9.9100000e+37 1.0175000e+02 2.0486000e+04
-4.0000000e-01 -2.5396680e-09 9.9100000e+37 1.0235350e+02 2.0486000e+04
-4.4000000e-01 -2.8249170e-09 9.9100000e+37 1.0295610e+02 2.0486000e+04
-4.8000000e-01 -3.0905680e-09 9.9100000e+37 1.0355960e+02 2.0486000e+04
-5.2000000e-01 -3.4314480e-09 9.9100000e+37 1.0416210e+02 2.0486000e+04
-5.6000000e-01 -3.7726520e-09 9.9100000e+37 1.0476560e+02 2.0486000e+04
-6.0000000e-01 -4.0700690e-09 9.9100000e+37 1.0536820e+02 2.0486000e+04
-6.4000000e-01 -4.3684220e-09 9.9100000e+37 1.0597170e+02 2.0486000e+04
-6.8000000e-01 -4.5114380e-09 9.9100000e+37 1.0657420e+02 2.0486000e+04
-7.2000000e-01 -4.6814400e-09 9.9100000e+37 1.0717770e+02 2.0486000e+04
-7.6000000e-01 -4.8668190e-09 9.9100000e+37 1.0778030e+02 2.0486000e+04
-8.0000000e-01 -5.0459410e-09 9.9100000e+37 1.0838380e+02 2.0486000e+04
-8.4000000e-01 -5.6172570e-09 9.9100000e+37 1.1021880e+02 2.0486000e+04
-8.8000000e-01 -5.9952110e-09 9.9100000e+37 1.1144040e+02 2.0486000e+04
-9.2000000e-01 -6.3906890e-09 9.9100000e+37 1.1327540e+02 2.0486000e+04
-9.6000000e-01 -6.6124840e-09 9.9100000e+37 1.1449710e+02 2.0486000e+04
-1.0000000e+00 -6.3897600e-09 9.9100000e+37 1.1510060e+02 2.0486000e+04
-1.0400000e+00 -7.2030610e-09 9.9100000e+37 1.1693460e+02 2.0486000e+04
-1.0800000e+00 -7.4057280e-09 9.9100000e+37 1.1815720e+02 2.0486000e+04
-1.1200000e+00 -7.1590270e-09 9.9100000e+37 1.1875980e+02 2.0486000e+04
-1.1600000e+00 -7.9860450e-09 9.9100000e+37 1.2059470e+02 2.0486000e+04
-1.2000000e+00 -8.2359790e-09 9.9100000e+37 1.2181640e+02 2.0486000e+04
-1.2400000e+00 -7.9000440e-09 9.9100000e+37 1.2241990e+02 2.0486000e+04
-1.2800000e+00 -8.6677500e-09 9.9100000e+37 1.2425490e+02 2.0486000e+04
-1.3200000e+00 -8.9875200e-09 9.9100000e+37 1.2547660e+02 2.0486000e+04
-1.3600000e+00 -8.6787680e-09 9.9100000e+37 1.2607910e+02 2.0486000e+04
-1.4000000e+00 -8.5927510e-09 9.9100000e+37 1.2668260e+02 2.0486000e+04
-1.4400000e+00 -9.4068660e-09 9.9100000e+37 1.2851760e+02 2.0486000e+04
-1.4800000e+00 -9.6052010e-09 9.9100000e+37 1.2973930e+02 2.0486000e+04
-1.5200000e+00 -9.3302680e-09 9.9100000e+37 1.3034180e+02 2.0486000e+04
-1.5600000e+00 -1.0044780e-08 9.9100000e+37 1.3278520e+02 2.0486000e+04
-1.6000000e+00 -1.0207700e-08 9.9100000e+37 1.3338770e+02 2.0486000e+04
-1.6400000e+00 -1.0350220e-08 9.9100000e+37 1.3399120e+02 2.0486000e+04
-1.6800000e+00 -1.0404990e-08 9.9100000e+37 1.3459380e+02 2.0486000e+04
-1.7200000e+00 -1.0485660e-08 9.9100000e+37 1.3519730e+02 2.0486000e+04
-1.7600000e+00 -1.0522280e-08 9.9100000e+37 1.3579980e+02 2.0486000e+04
-1.8000000e+00 -1.0585810e-08 9.9100000e+37 1.3640330e+02 2.0486000e+04
-1.8400000e+00 -1.0631780e-08 9.9100000e+37 1.3700590e+02 2.0486000e+04
-1.8800000e+00 -1.0665930e-08 9.9100000e+37 1.3760940e+02 2.0486000e+04
-1.9200000e+00 -1.0684900e-08 9.9100000e+37 1.3821190e+02 2.0486000e+04
-1.9600000e+00 -1.0710800e-08 9.9100000e+37 1.3881540e+02 2.0486000e+04
-2.0000000e+00 -1.0726350e-08 9.9100000e+37 1.3941800e+02 2.0486000e+04
-2.0400000e+00 -1.0737550e-08 9.9100000e+37 1.4002150e+02 2.0486000e+04
-2.0800000e+00 -1.0741710e-08 9.9100000e+37 1.4062400e+02 2.0486000e+04
-2.1200000e+00 -1.0753380e-08 9.9100000e+37 1.4122750e+02 2.0486000e+04
-2.1600000e+00 -1.0715840e-08 9.9100000e+37 1.4183010e+02 2.0486000e+04
-2.2000000e+00 -1.0740400e-08 9.9100000e+37 1.4243360e+02 2.0486000e+04
-2.2400000e+00 -1.0806980e-08 9.9100000e+37 1.4303610e+02 2.0486000e+04
-2.2800000e+00 -1.0764460e-08 9.9100000e+37 1.4363960e+02 2.0486000e+04
-2.3200000e+00 -1.0773530e-08 9.9100000e+37 1.4424220e+02 2.0486000e+04
-2.3600000e+00 -1.0805090e-08 9.9100000e+37 1.4484570e+02 2.0486000e+04
-2.4000000e+00 -1.0827520e-08 9.9100000e+37 1.4544920e+02 2.0486000e+04
-2.4400000e+00 -1.0776180e-08 9.9100000e+37 1.4605180e+02 2.0486000e+04
-2.4800000e+00 -1.0780870e-08 9.9100000e+37 1.4665530e+02 2.0486000e+04
-2.5200000e+00 -1.0723510e-08 9.9100000e+37 1.4725780e+02 2.0486000e+04
-2.5600000e+00 -1.0703890e-08 9.9100000e+37 1.4786130e+02 2.0486000e+04
-2.6000000e+00 -1.0695400e-08 9.9100000e+37 1.4846390e+02 2.0486000e+04
-2.6400000e+00 -1.0684930e-08 9.9100000e+37 1.4906740e+02 2.0486000e+04
-2.6800000e+00 -1.0664730e-08 9.9100000e+37 1.4966990e+02 2.0486000e+04
-2.7200000e+00 -1.0457080e-08 9.9100000e+37 1.5027340e+02 2.0486000e+04
-2.7600000e+00 -1.0548680e-08 9.9100000e+37 1.5087600e+02 2.0486000e+04
-2.8000000e+00 -1.0619080e-08 9.9100000e+37 1.5147950e+02 2.0486000e+04
-2.8400000e+00 -1.0628630e-08 9.9100000e+37 1.5208200e+02 2.0486000e+04
-2.8800000e+00 -1.0658390e-08 9.9100000e+37 1.5268550e+02 2.0486000e+04
-2.9200000e+00 -1.0656170e-08 9.9100000e+37 1.5328810e+02 2.0486000e+04
-2.9600000e+00 -1.0657670e-08 9.9100000e+37 1.5389160e+02 2.0486000e+04
-3.0000000e+00 -1.0652310e-08 9.9100000e+37 1.5449410e+02 2.0486000e+04
-3.0400000e+00 -1.0641540e-08 9.9100000e+37 1.5509770e+02 2.0486000e+04
-3.0800000e+00 -1.0647180e-08 9.9100000e+37 1.5570020e+02 2.0486000e+04
-3.1200000e+00 -1.0646000e-08 9.9100000e+37 1.5630370e+02 2.0486000e+04
-3.1600000e+00 -1.0639580e-08 9.9100000e+37 1.5690630e+02 2.0486000e+04
-3.2000000e+00 -1.0636240e-08 9.9100000e+37 1.5750980e+02 2.0486000e+04
-3.2400000e+00 -1.0630530e-08 9.9100000e+37 1.5811230e+02 2.0486000e+04
-3.2800000e+00 -1.0632210e-08 9.9100000e+37 1.5871580e+02 2.0486000e+04
-3.3200000e+00 -1.0640430e-08 9.9100000e+37 1.5931840e+02 2.0486000e+04
-3.3600000e+00 -1.0635550e-08 9.9100000e+37 1.5992190e+02 2.0486000e+04
-3.4000000e+00 -1.0634500e-08 9.9100000e+37 1.6052440e+02 2.0486000e+04
-3.4400000e+00 -1.0633120e-08 9.9100000e+37 1.6112790e+02 2.0486000e+04
-3.4800000e+00 -1.0629180e-08 9.9100000e+37 1.6173050e+02 2.0486000e+04
-3.5200000e+00 -1.0628490e-08 9.9100000e+37 1.6233400e+02 2.0486000e+04
-3.5600000e+00 -1.0616650e-08 9.9100000e+37 1.6293650e+02 2.0486000e+04
-3.6000000e+00 -1.0626600e-08 9.9100000e+37 1.6354000e+02 2.0486000e+04
-3.6400000e+00 -1.0627410e-08 9.9100000e+37 1.6414260e+02 2.0486000e+04
-3.6800000e+00 -1.0629560e-08 9.9100000e+37 1.6474610e+02 2.0486000e+04
-3.7200000e+00 -1.0619980e-08 9.9100000e+37 1.6534860e+02 2.0486000e+04
-3.7600000e+00 -1.0624120e-08 9.9100000e+37 1.6595210e+02 2.0486000e+04
-3.8000000e+00 -1.0614790e-08 9.9100000e+37 1.6655470e+02 2.0486000e+04
-3.8400000e+00 -1.0617410e-08 9.9100000e+37 1.6715820e+02 2.0486000e+04
-3.8800000e+00 -1.0616500e-08 9.9100000e+37 1.6776070e+02 2.0486000e+04
-3.9200000e+00 -1.0614650e-08 9.9100000e+37 1.6836430e+02 2.0486000e+04
-3.9600000e+00 -1.0610500e-08 9.9100000e+37 1.6896680e+02 2.0486000e+04
-4.0000000e+00 -1.0610050e-08 9.9100000e+37 1.6957030e+02 2.0486000e+04
