-4.0000000e+00 -6.4258690e-10 9.9100000e+37 0.0000000e+00 2.0486000e+04
-3.9600000e+00 -6.5634970e-10 9.9100000e+37 1.2617190e+00 2.0486000e+04
-3.9200000e+00 -6.6475050e-10 9.9100000e+37 1.8652340e+00 2.0486000e+04
-3.8800000e+00 -6.7123680e-10 9.9100000e+37 2.4687500e+00 2.0486000e+04
-3.8400000e+00 -6.8395910e-10 9.9100000e+37 3.0722660e+00 2.0486000e+04
-3.8000000e+00 -7.3693370e-10 9.9100000e+37 4.9169920e+00 2.0486000e+04
-3.7600000e+00 -7.8166600e-10 9.9100000e+37 7.4189450e+00 2.0486000e+04
-3.7200000e+00 -7.3097770e-10 9.9100000e+37 8.6816410e+00 2.0486000e+04
-3.6800000e+00 -7.2771410e-10 9.9100000e+37 9.2841800e+00 2.0486000e+04
-3.6400000e+00 -7.2829710e-10 9.9100000e+37 9.8876950e+00 2.0486000e+04
-3.6000000e+00 -7.2962520e-10 9.9100000e+37 1.0491210e+01 2.0486000e+04
-3.5600000e+00 -8.1988870e-10 9.9100000e+37 1.2335940e+01 2.0486000e+04
-3.5200000e+00 -8.5666450e-10 9.9100000e+37 1.4837890e+01 2.0486000e+04
-3.4800000e+00 -7.7451380e-10 9.9100000e+37 1.6100590e+01 2.0486000e+04
-3.4400000e+00 -7.7105390e-10 9.9100000e+37 1.6703130e+01 2.0486000e+04
-3.4000000e+00 -7.6541950e-10 9.9100000e+37 1.7306640e+01 2.0486000e+04
-3.3600000e+00 -7.6591080e-10 9.9100000e+37 1.7910160e+01 2.0486000e+04
-3.3200000e+00 -8.6784550e-10 9.9100000e+37 1.9754880e+01 2.0486000e+04
-3.2800000e+00 -8.8204390e-10 9.9100000e+37 2.2256840e+01 2.0486000e+04
-3.2400000e+00 -9.0229270e-10 9.9100000e+37 2.4759770e+01 2.0486000e+04
-3.2000000e+00 -7.8671500e-10 9.9100000e+37 2.6021480e+01 2.0486000e+04
-3.1600000e+00 -7.8131380e-10 9.9100000e+37 2.6625000e+01 2.0486000e+04
-3.1200000e+00 -7.7661860e-10 9.9100000e+37 2.7227540e+01 2.0486000e+04
-3.0800000e+00 -8.8514700e-10 9.9100000e+37 2.9072270e+01 2.0486000e+04
-3.0400000e+00 -8.9254530e-10 9.9100000e+37 3.1575200e+01 2.0486000e+04
-3.0000000e+00 -8.9024970e-10 9.9100000e+37 3.4078120e+01 2.0486000e+04
-2.9600000e+00 -7.8587500e-10 9.9100000e+37 3.5339840e+01 2.0486000e+04
-2.9200000e+00 -7.8045870e-10 9.9100000e+37 3.5942380e+01 2.0486000e+04
-2.8800000e+00 -7.7404470e-10 9.9100000e+37 3.6545900e+01 2.0486000e+04
-2.8400000e+00 -7.6834230e-10 9.9100000e+37 3.7149410e+01 2.0486000e+04
-2.8000000e+00 -8.6243450e-10 9.9100000e+37 3.8994140e+01 2.0486000e+04
-2.7600000e+00 -8.6681650e-10 9.9100000e+37 4.1497070e+01 2.0486000e+04
-2.7200000e+00 -7.6899110e-10 9.9100000e+37 4.2758790e+01 2.0486000e+04
-2.6800000e+00 -7.5801610e-10 9.9100000e+37 4.3361330e+01 2.0486000e+04
-2.6400000e+00 -7.5553230e-10 9.9100000e+37 4.3964840e+01 2.0486000e+04
-2.6000000e+00 -7.4960530e-10 9.9100000e+37 4.4568360e+01 2.0486000e+04
-2.5600000e+00 -8.2258520e-10 9.9100000e+37 4.6413090e+01 2.0486000e+04
-2.5200000e+00 -8.2467410e-10 9.9100000e+37 4.8915040e+01 2.0486000e+04
-2.4800000e+00 -7.4937750e-10 9.9100000e+37 5.0176760e+01 2.0486000e+04
-2.4400000e+00 -7.3576590e-10 9.9100000e+37 5.0780270e+01 2.0486000e+04
-2.4000000e+00 -7.2879890e-10 9.9100000e+37 5.1383790e+01 2.0486000e+04
-2.3600000e+00 -7.2727160e-10 9.9100000e+37 5.1987300e+01 2.0486000e+04
-2.3200000e+00 -7.8317590e-10 9.9100000e+37 5.3832030e+01 2.0486000e+04
-2.2800000e+00 -7.8794220e-10 9.9100000e+37 5.6333980e+01 2.0486000e+04
-2.2400000e+00 -7.2059890e-10 9.9100000e+37 5.7595700e+01 2.0486000e+04
-2.2000000e+00 -7.1021070e-10 9.9100000e+37 5.8199220e+01 2.0486000e+04
-2.1600000e+00 -7.0103370e-10 9.9100000e+37 5.8802730e+01 2.0486000e+04
-2.1200000e+00 -6.9128040e-10 9.9100000e+37 5.9406250e+01 2.0486000e+04
-2.0800000e+00 -7.3061650e-10 9.9100000e+37 6.1250980e+01 2.0486000e+04
-2.0400000e+00 -7.3018470e-10 9.9100000e+37 6.3752930e+01 2.0486000e+04
-2.0000000e+00 -7.2152400e-10 9.9100000e+37 6.6255860e+01 2.0486000e+04
-1.9600000e+00 -6.8257260e-10 9.9100000e+37 6.7517580e+01 2.0486000e+04
-1.9200000e+00 -6.6914040e-10 9.9100000e+37 6.8121090e+01 2.0486000e+04
-1.8800000e+00 -6.6024740e-10 9.9100000e+37 6.8724610e+01 2.0486000e+04
-1.8400000e+00 -6.4814680e-10 9.9100000e+37 6.9327150e+01 2.0486000e+04
-1.8000000e+00 -6.3728370e-10 9.9100000e+37 6.9930660e+01 2.0486000e+04
-1.7600000e+00 -6.3327050e-10 9.9100000e+37 7.1775390e+01 2.0486000e+04
-1.7200000e+00 -6.2885090e-10 9.9100000e+37 7.4278320e+01 2.0486000e+04
-1.6800000e+00 -6.0895360e-10 9.9100000e+37 7.6780270e+01 2.0486000e+04
-1.6400000e+00 -6.0256020e-10 9.9100000e+37 7.8042970e+01 2.0486000e+04
-1.6000000e+00 -5.8584690e-10 9.9100000e+37 7.8645510e+01 2.0486000e+04
-1.5600000e+00 -5.7505120e-10 9.9100000e+37 7.9249020e+01 2.0486000e+04
-1.5200000e+00 -5.6087110e-10 9.9100000e+37 7.9852540e+01 2.0486000e+04
-1.4800000e+00 -5.3973960e-10 9.9100000e+37 8.0456050e+01 2.0486000e+04
-1.4400000e+00 -5.2634350e-10 9.9100000e+37 8.1059570e+01 2.0486000e+04
-1.4000000e+00 -5.0727120e-10 9.9100000e+37 8.1663090e+01 2.0486000e+04
-1.3600000e+00 -4.8714960e-10 9.9100000e+37 8.2265630e+01 2.0486000e+04
-1.3200000e+00 -4.7425730e-10 9.9100000e+37 8.2869140e+01 2.0486000e+04
-1.2800000e+00 -4.5432310e-10 9.9100000e+37 8.3472660e+01 2.0486000e+04
-1.2400000e+00 -4.3558940e-10 9.9100000e+37 8.4076170e+01 2.0486000e+04
-1.2000000e+00 -4.1934630e-10 9.9100000e+37 8.4679690e+01 2.0486000e+04
-1.1600000e+00 -4.0108830e-10 9.9100000e+37 8.5283200e+01 2.0486000e+04
-1.1200000e+00 -3.8315930e-10 9.9100000e+37 8.5886720e+01 2.0486000e+04
-1.0800000e+00 -3.6092550e-10 9.9100000e+37 8.6490230e+01 2.0486000e+04
-1.0400000e+00 -3.4535320e-10 9.9100000e+37 8.7093750e+01 2.0486000e+04
-1.0000000e+00 -3.2938260e-10 9.9100000e+37 8.7697270e+01 2.0486000e+04
-9.6000000e-01 -3.1202470e-10 9.9100000e+37 8.8299800e+01 2.0486000e+04
-9.2000000e-01 -2.9480350e-10 9.9100000e+37 8.8903320e+01 2.0486000e+04
-8.8000000e-01 -2.7618500e-10 9.9100000e+37 8.9506840e+01 2.0486000e+04
-8.4000000e-01 -2.6013430e-10 9.9100000e+37 9.0110350e+01 2.0486000e+04
-8.0000000e-01 -2.4586570e-10 9.9100000e+37 9.0713870e+01 2.0486000e+04
-7.6000000e-01 -2.2858520e-10 9.9100000e+37 9.1317380e+01 2.0486000e+04
-7.2000000e-01 -2.1406600e-10 9.9100000e+37 9.1920900e+01 2.0486000e+04
-6.8000000e-01 -1.9762040e-10 9.9100000e+37 9.2524410e+01 2.0486000e+04
-6.4000000e-01 -1.8024120e-10 9.9100000e+37 9.3127930e+01 2.0486000e+04
-6.0000000e-01 -1.6638980e-10 9.9100000e+37 9.3731450e+01 2.0486000e+04
-5.6000000e-01 -1.5037340e-10 9.9100000e+37 9.4333980e+01 2.0486000e+04
-5.2000000e-01 -1.3436880e-10 9.9100000e+37 9.4937500e+01 2.0486000e+04
-4.8000000e-01 -1.2096490e-10 9.9100000e+37 9.5541020e+01 2.0486000e+04
-4.4000000e-01 -1.0839130e-10 9.9100000e+37 9.6144530e+01 2.0486000e+04
-4.0000000e-01 -6.8989260e-11 9.9100000e+37 9.8761720e+01 2.0486000e+04
-3.6000000e-01 -6.9341630e-11 9.9100000e+37 1.0063870e+02 2.0486000e+04
-3.2000000e-01 -5.8968960e-11 9.9100000e+37 1.0325490e+02 2.0486000e+04
-2.8000000e-01 -4.9517310e-11 9.9100000e+37 1.0506450e+02 2.0486000e+04
-2.4000000e-01 -4.0316210e-11 9.9100000e+37 1.0687400e+02 2.0486000e+04
-2.0000000e-01 -3.1117650e-11 9.9100000e+37 1.0868360e+02 2.0486000e+04
-1.6000000e-01 -2.3263410e-11 9.9100000e+37 1.1049320e+02 2.0486000e+04
-1.2000000e-01 -1.6307560e-11 9.9100000e+37 1.1230270e+02 2.0486000e+04
-8.0000000e-02 -9.9214590e-12 9.9100000e+37 1.1411130e+02 2.0486000e+04
-4.0000000e-02 -4.6698380e-12 9.9100000e+37 1.1592090e+02 2.0486000e+04
0.0000000e+00 -5.7503180e-14 9.9100000e+37 1.1773050e+02 2.0486000e+04
4.0000000e-02 4.8064330e-12 9.9100000e+37 1.1954000e+02 2.0486000e+04
8.0000000e-02 8.5582350e-12 9.9100000e+37 1.2134960e+02 2.0486000e+04
1.2000000e-01 1.2100840e-11 9.9100000e+37 1.2315920e+02 2.0486000e+04
1.6000000e-01 1.5806870e-11 9.9100000e+37 1.2496880e+02 2.0486000e+04
2.0000000e-01 1.9175210e-11 9.9100000e+37 1.2677830e+02 2.0486000e+04
2.4000000e-01 2.2686240e-11 9.9100000e+37 1.2858790e+02 2.0486000e+04
2.8000000e-01 2.6678480e-11 9.9100000e+37 1.3039750e+02 2.0486000e+04
3.2000000e-01 2.9726450e-11 9.9100000e+37 1.3220610e+02 2.0486000e+04
3.6000000e-01 3.3513300e-11 9.9100000e+37 1.3401560e+02 2.0486000e+04
4.0000000e-01 3.7566280e-11 9.9100000e+37 1.3582520e+02 2.0486000e+04
4.4000000e-01 4.0527940e-11 9.9100000e+37 1.3763480e+02 2.0486000e+04
4.8000000e-01 4.4344310e-11 9.9100000e+37 1.3944430e+02 2.0486000e+04
5.2000000e-01 4.7178240e-11 9.9100000e+37 1.4125390e+02 2.0486000e+04
5.6000000e-01 5.1169100e-11 9.9100000e+37 1.4306350e+02 2.0486000e+04
6.0000000e-01 5.4041160e-11 9.9100000e+37 1.4487210e+02 2.0486000e+04
6.4000000e-01 5.7451950e-11 9.9100000e+37 1.4668160e+02 2.0486000e+04
6.8000000e-01 5.9312990e-11 9.9100000e+37 1.4976370e+02 2.0486000e+04
7.2000000e-01 6.2099480e-11 9.9100000e+37 1.5238090e+02 2.0486000e+04
7.6000000e-01 6.6048200e-11 9.9100000e+37 1.5546290e+02 2.0486000e+04
8.0000000e-01 6.5476980e-11 9.9100000e+37 1.5808010e+02 2.0486000e+04
8.4000000e-01 6.6767980e-11 9.9100000e+37 1.5988870e+02 2.0486000e+04
8.8000000e-01 7.6059800e-11 9.9100000e+37 1.6176560e+02 2.0486000e+04
9.2000000e-01 7.0088140e-11 9.9100000e+37 1.6438180e+02 2.0486000e+04
9.6000000e-01 8.6954890e-11 9.9100000e+37 1.6746390e+02 2.0486000e+04
1.0000000e+00 7.3050340e-11 9.9100000e+37 1.7008110e+02 2.0486000e+04
1.0400000e+00 9.8086070e-11 9.9100000e+37 1.7316310e+02 2.0486000e+04
1.0800000e+00 1.0505930e-10 9.9100000e+37 1.7376560e+02 2.0486000e+04
1.1200000e+00 1.1031960e-10 9.9100000e+37 1.7436910e+02 2.0486000e+04
1.1600000e+00 1.1768750e-10 9.9100000e+37 1.7497270e+02 2.0486000e+04
1.2000000e+00 1.2312510e-10 9.9100000e+37 1.7557620e+02 2.0486000e+04
1.2400000e+00 1.2903290e-10 9.9100000e+37 1.7617970e+02 2.0486000e+04
1.2800000e+00 1.3536970e-10 9.9100000e+37 1.7678320e+02 2.0486000e+04
1.3200000e+00 1.4169190e-10 9.9100000e+37 1.7738670e+02 2.0486000e+04
1.3600000e+00 1.4925860e-10 9.9100000e+37 1.7799020e+02 2.0486000e+04
1.4000000e+00 1.5639820e-10 9.9100000e+37 1.7859380e+02 2.0486000e+04
1.4400000e+00 1.6485660e-10 9.9100000e+37 1.7919730e+02 2.0486000e+04
1.4800000e+00 1.7291750e-10 9.9100000e+37 1.7979980e+02 2.0486000e+04
1.5200000e+00 1.8550430e-10 9.9100000e+37 1.8040330e+02 2.0486000e+04
1.5600000e+00 1.9234040e-10 9.9100000e+37 1.8100680e+02 2.0486000e+04
1.6000000e+00 2.0250130e-10 9.9100000e+37 1.8161040e+02 2.0486000e+04
1.6400000e+00 2.1189240e-10 9.9100000e+37 1.8221390e+02 2.0486000e+04
1.6800000e+00 2.2352330e-10 9.9100000e+37 1.8281740e+02 2.0486000e+04
1.7200000e+00 2.3412560e-10 9.9100000e+37 1.8342090e+02 2.0486000e+04
1.7600000e+00 2.4605650e-10 9.9100000e+37 1.8402440e+02 2.0486000e+04
1.8000000e+00 2.5798570e-10 9.9100000e+37 1.8462790e+02 2.0486000e+04
1.8400000e+00 2.7003580e-10 9.9100000e+37 1.8523050e+02 2.0486000e+04
1.8800000e+00 2.8249300e-10 9.9100000e+37 1.8583400e+02 2.0486000e+04
1.9200000e+00 2.9936660e-10 9.9100000e+37 1.8643750e+02 2.0486000e+04
1.9600000e+00 3.1240600e-10 9.9100000e+37 1.8704100e+02 2.0486000e+04
2.0000000e+00 3.2524570e-10 9.9100000e+37 1.8764450e+02 2.0486000e+04
2.0400000e+00 3.4333130e-10 9.9100000e+37 1.8824800e+02 2.0486000e+04
2.0800000e+00 3.5645110e-10 9.9100000e+37 1.8885160e+02 2.0486000e+04
2.1200000e+00 3.7865470e-10 9.9100000e+37 1.8945510e+02 2.0486000e+04
2.1600000e+00 3.9392100e-10 9.9100000e+37 1.9005860e+02 2.0486000e+04
2.2000000e+00 4.1487140e-10 9.9100000e+37 1.9066210e+02 2.0486000e+04
2.2400000e+00 4.3692900e-10 9.9100000e+37 1.9126560e+02 2.0486000e+04
2.2800000e+00 4.5535790e-10 9.9100000e+37 1.9186820e+02 2.0486000e+04
2.3200000e+00 4.8150130e-10 9.9100000e+37 1.9247170e+02 2.0486000e+04
2.3600000e+00 5.0086610e-10 9.9100000e+37 1.9307520e+02 2.0486000e+04
2.4000000e+00 5.2774380e-10 9.9100000e+37 1.9367870e+02 2.0486000e+04
2.4400000e+00 5.5304430e-10 9.9100000e+37 1.9428220e+02 2.0486000e+04
2.4800000e+00 5.7483830e-10 9.9100000e+37 1.9488570e+02 2.0486000e+04
2.5200000e+00 6.4098400e-10 9.9100000e+37 1.9673050e+02 2.0486000e+04
2.5600000e+00 6.5659520e-10 9.9100000e+37 1.9799220e+02 2.0486000e+04
2.6000000e+00 6.7292220e-10 9.9100000e+37 1.9859470e+02 2.0486000e+04
2.6400000e+00 6.9074710e-10 9.9100000e+37 1.9919820e+02 2.0486000e+04
2.6800000e+00 7.0642890e-10 9.9100000e+37 1.9980180e+02 2.0486000e+04
2.7200000e+00 8.6798170e-10 9.9100000e+37 2.0164650e+02 2.0486000e+04
2.7600000e+00 9.9077510e-10 9.9100000e+37 2.0414940e+02 2.0486000e+04
2.8000000e+00 1.0281790e-09 9.9100000e+37 2.0475200e+02 2.0486000e+04
2.8400000e+00 1.0722220e-09 9.9100000e+37 2.0535550e+02 2.0486000e+04
2.8800000e+00 1.1179990e-09 9.9100000e+37 2.0595800e+02 2.0486000e+04
2.9200000e+00 1.1720830e-09 9.9100000e+37 2.0656150e+02 2.0486000e+04
2.9600000e+00 1.2192880e-09 9.9100000e+37 2.0716410e+02 2.0486000e+04
3.0000000e+00 1.2812940e-09 9.9100000e+37 2.0776760e+02 2.0486000e+04
3.0400000e+00 1.3444950e-09 9.9100000e+37 2.0837010e+02 2.0486000e+04
3.0800000e+00 1.3967290e-09 9.9100000e+37 2.0897360e+02 2.0486000e+04
3.1200000e+00 1.4495050e-09 9.9100000e+37 2.0957620e+02 2.0486000e+04
3.1600000e+00 1.5226760e-09 9.9100000e+37 2.1017970e+02 2.0486000e+04
3.2000000e+00 1.5958840e-09 9.9100000e+37 2.1078220e+02 2.0486000e+04
3.2400000e+00 1.6563070e-09 9.9100000e+37 2.1138570e+02 2.0486000e+04
3.2800000e+00 1.7230880e-09 9.9100000e+37 2.1198830e+02 2.0486000e+04
3.3200000e+00 1.7987000e-09 9.9100000e+37 2.1259180e+02 2.0486000e+04
3.3600000e+00 1.9118130e-09 9.9100000e+37 2.1319430e+02 2.0486000e+04
3.4000000e+00 1.9831300e-09 9.9100000e+37 2.1379790e+02 2.0486000e+04
3.4400000e+00 2.0792950e-09 9.9100000e+37 2.1440040e+02 2.0486000e+04
3.4800000e+00 2.1694930e-09 9.9100000e+37 2.1500390e+02 2.0486000e+04
3.5200000e+00 2.2692050e-09 9.9100000e+37 2.1560640e+02 2.0486000e+04
3.5600000e+00 2.3757460e-09 9.9100000e+37 2.1621000e+02 2.0486000e+04
3.6000000e+00 2.4874020e-09 9.9100000e+37 2.1681250e+02 2.0486000e+04
3.6400000e+00 2.6034270e-09 9.9100000e+37 2.1741600e+02 2.0486000e+04
3.6800000e+00 2.7171470e-09 9.9100000e+37 2.1801860e+02 2.0486000e+04
3.7200000e+00 2.8482470e-09 9.9100000e+37 2.1862210e+02 2.0486000e+04
3.7600000e+00 2.9230580e-09 9.9100000e+37 2.1922460e+02 2.0486000e+04
3.8000000e+00 3.0191510e-09 9.9100000e+37 2.1982810e+02 2.0486000e+04
3.8400000e+00 3.2093210e-09 9.9100000e+37 2.2043070e+02 2.0486000e+04
3.8800000e+00 3.3437710e-09 9.9100000e+37 2.2103420e+02 2.0486000e+04
3.9200000e+00 3.4792380e-09 9.9100000e+37 2.2163670e+02 2.0486000e+04
3.9600000e+00 3.6417210e-09 9.9100000e+37 2.2224020e+02 2.0486000e+04
4.0000000e+00 3.8467410e-09 9.9100000e+37 2.2284280e+02 2.0486000e+04
