4.0000000e+00 3.8467410e-09 9.9100000e+37 2.2284280e+02 2.0486000e+04
3.9600000e+00 4.9014240e-09 9.9100000e+37 6.0351560e-01 2.0486000e+04
3.9200000e+00 5.0863500e-09 9.9100000e+37 1.2060550e+00 2.0486000e+04
3.8800000e+00 5.2274390e-09 9.9100000e+37 1.8095700e+00 2.0486000e+04
3.8400000e+00 5.3801780e-09 9.9100000e+37 2.4121090e+00 2.0486000e+04
3.8000000e+00 5.4749570e-09 9.9100000e+37 3.0156250e+00 2.0486000e+04
3.7600000e+00 5.5864260e-09 9.9100000e+37 3.6181640e+00 2.0486000e+04
3.7200000e+00 5.6139260e-09 9.9100000e+37 4.2216800e+00 2.0486000e+04
3.6800000e+00 5.6782470e-09 9.9100000e+37 4.8242190e+00 2.0486000e+04
3.6400000e+00 5.6993910e-09 9.9100000e+37 5.4277340e+00 2.0486000e+04
3.6000000e+00 5.7882390e-09 9.9100000e+37 6.0302730e+00 2.0486000e+04
3.5600000e+00 5.8557750e-09 9.9100000e+37 6.6337890e+00 2.0486000e+04
3.5200000e+00 5.9351440e-09 9.9100000e+37 7.2363280e+00 2.0486000e+04
3.4800000e+00 5.9816730e-09 9.9100000e+37 7.8398440e+00 2.0486000e+04
3.4400000e+00 5.9144210e-09 9.9100000e+37 8.4423830e+00 2.0486000e+04
3.4000000e+00 6.0272830e-09 9.9100000e+37 9.0458980e+00 2.0486000e+04
3.3600000e+00 6.0249010e-09 9.9100000e+37 9.6484380e+00 2.0486000e+04
3.3200000e+00 5.9986090e-09 9.9100000e+37 1.0251950e+01 2.0486000e+04
3.2800000e+00 5.9823720e-09 9.9100000e+37 1.0854490e+01 2.0486000e+04
3.2400000e+00 5.9634630e-09 9.9100000e+37 1.1458010e+01 2.0486000e+04
3.2000000e+00 5.9440170e-09 9.9100000e+37 1.2060550e+01 2.0486000e+04
3.1600000e+00 5.9037530e-09 9.9100000e+37 1.2664060e+01 2.0486000e+04
3.1200000e+00 5.9094150e-09 9.9100000e+37 1.3266600e+01 2.0486000e+04
3.0800000e+00 5.8318700e-09 9.9100000e+37 1.3870120e+01 2.0486000e+04
3.0400000e+00 5.8263320e-09 9.9100000e+37 1.4472660e+01 2.0486000e+04
3.0000000e+00 5.7899030e-09 9.9100000e+37 1.5076170e+01 2.0486000e+04
2.9600000e+00 5.7774930e-09 9.9100000e+37 1.5678710e+01 2.0486000e+04
2.9200000e+00 5.6892570e-09 9.9100000e+37 1.6282230e+01 2.0486000e+04
2.8800000e+00 5.7048500e-09 9.9100000e+37 1.6884770e+01 2.0486000e+04
2.8400000e+00 5.6450510e-09 9.9100000e+37 1.7488280e+01 2.0486000e+04
2.8000000e+00 5.5728520e-09 9.9100000e+37 1.8090820e+01 2.0486000e+04
2.7600000e+00 5.5034710e-09 9.9100000e+37 1.8694340e+01 2.0486000e+04
2.7200000e+00 5.4513710e-09 9.9100000e+37 1.9296880e+01 2.0486000e+04
2.6800000e+00 5.3836220e-09 9.9100000e+37 1.9900390e+01 2.0486000e+04
2.6400000e+00 5.2753770e-09 9.9100000e+37 2.0502930e+01 2.0486000e+04
2.6000000e+00 5.2069970e-09 9.9100000e+37 2.1106450e+01 2.0486000e+04
2.5600000e+00 5.1250940e-09 9.9100000e+37 2.1708980e+01 2.0486000e+04
2.5200000e+00 5.0440820e-09 9.9100000e+37 2.2312500e+01 2.0486000e+04
2.4800000e+00 4.9417630e-09 9.9100000e+37 2.2915040e+01 2.0486000e+04
2.4400000e+00 4.8706130e-09 9.9100000e+37 2.3518550e+01 2.0486000e+04
2.4000000e+00 4.8049890e-09 9.9100000e+37 2.4121090e+01 2.0486000e+04
2.3600000e+00 4.7314190e-09 9.9100000e+37 2.4724610e+01 2.0486000e+04
2.3200000e+00 4.6454620e-09 9.9100000e+37 2.5327150e+01 2.0486000e+04
2.2800000e+00 4.5389950e-09 9.9100000e+37 2.5930660e+01 2.0486000e+04
2.2400000e+00 4.4458490e-09 9.9100000e+37 2.6533200e+01 2.0486000e+04
2.2000000e+00 4.3618420e-09 9.9100000e+37 2.7136720e+01 2.0486000e+04
2.1600000e+00 4.2639310e-09 9.9100000e+37 2.7739260e+01 2.0486000e+04
2.1200000e+00 4.1854080e-09 9.9100000e+37 2.8342770e+01 2.0486000e+04
2.0800000e+00 4.0924370e-09 9.9100000e+37 2.8945310e+01 2.0486000e+04
2.0400000e+00 3.9549420e-09 9.9100000e+37 2.9548830e+01 2.0486000e+04
2.0000000e+00 3.8925620e-09 9.9100000e+37 3.0151370e+01 2.0486000e+04
1.9600000e+00 3.7838240e-09 9.9100000e+37 3.0754880e+01 2.0486000e+04
1.9200000e+00 3.6940370e-09 9.9100000e+37 3.1357420e+01 2.0486000e+04
1.8800000e+00 3.6092860e-09 9.9100000e+37 3.1960940e+01 2.0486000e+04
1.8400000e+00 3.4856740e-09 9.9100000e+37 3.2563480e+01 2.0486000e+04
1.8000000e+00 3.3922260e-09 9.9100000e+37 3.3166990e+01 2.0486000e+04
1.7600000e+00 3.3059930e-09 9.9100000e+37 3.3769530e+01 2.0486000e+04
1.7200000e+00 3.1918150e-09 9.9100000e+37 3.4373050e+01 2.0486000e+04
1.6800000e+00 3.0663180e-09 9.9100000e+37 3.4975590e+01 2.0486000e+04
1.6400000e+00 2.9582120e-09 9.9100000e+37 3.5579100e+01 2.0486000e+04
1.6000000e+00 2.8661540e-09 9.9100000e+37 3.6181640e+01 2.0486000e+04
1.5600000e+00 2.7515020e-09 9.9100000e+37 3.6785160e+01 2.0486000e+04
1.5200000e+00 2.6508080e-09 9.9100000e+37 3.7387700e+01 2.0486000e+04
1.4800000e+00 2.5572350e-09 9.9100000e+37 3.7991210e+01 2.0486000e+04
1.4400000e+00 2.4646050e-09 9.9100000e+37 3.8593750e+01 2.0486000e+04
1.4000000e+00 2.3641390e-09 9.9100000e+37 3.9197270e+01 2.0486000e+04
1.3600000e+00 2.2627760e-09 9.9100000e+37 3.9799800e+01 2.0486000e+04
1.3200000e+00 2.1657430e-09 9.9100000e+37 4.0403320e+01 2.0486000e+04
1.2800000e+00 2.0709780e-09 9.9100000e+37 4.1005860e+01 2.0486000e+04
1.2400000e+00 1.9745920e-09 9.9100000e+37 4.1609380e+01 2.0486000e+04
1.2000000e+00 1.8838500e-09 9.9100000e+37 4.2211910e+01 2.0486000e+04
1.1600000e+00 1.7865180e-09 9.9100000e+37 4.2815430e+01 2.0486000e+04
1.1200000e+00 1.6960130e-09 9.9100000e+37 4.3417970e+01 2.0486000e+04
1.0800000e+00 1.5934640e-09 9.9100000e+37 4.4021480e+01 2.0486000e+04
1.0400000e+00 1.5108560e-09 9.9100000e+37 4.4624020e+01 2.0486000e+04
1.0000000e+00 1.4243960e-09 9.9100000e+37 4.5227540e+01 2.0486000e+04
9.6000000e-01 1.3391130e-09 9.9100000e+37 4.5830080e+01 2.0486000e+04
9.2000000e-01 1.2584840e-09 9.9100000e+37 4.6433590e+01 2.0486000e+04
8.8000000e-01 1.1807820e-09 9.9100000e+37 4.7036130e+01 2.0486000e+04
8.4000000e-01 1.1011310e-09 9.9100000e+37 4.7639650e+01 2.0486000e+04
8.0000000e-01 1.0252140e-09 9.9100000e+37 4.8242190e+01 2.0486000e+04
7.6000000e-01 8.8555670e-10 9.9100000e+37 5.0745120e+01 2.0486000e+04
7.2000000e-01 7.8433300e-10 9.9100000e+37 5.3247070e+01 2.0486000e+04
6.8000000e-01 6.1613540e-10 9.9100000e+37 5.4509770e+01 2.0486000e+04
6.4000000e-01 6.0042530e-10 9.9100000e+37 5.5112300e+01 2.0486000e+04
6.0000000e-01 5.8179690e-10 9.9100000e+37 5.5715820e+01 2.0486000e+04
5.6000000e-01 5.4836230e-10 9.9100000e+37 5.6319340e+01 2.0486000e+04
5.2000000e-01 4.9536270e-10 9.9100000e+37 5.6922850e+01 2.0486000e+04
4.8000000e-01 4.4542870e-10 9.9100000e+37 5.7526370e+01 2.0486000e+04
4.4000000e-01 3.9762520e-10 9.9100000e+37 5.8129880e+01 2.0486000e+04
4.0000000e-01 3.5124220e-10 9.9100000e+37 5.8733400e+01 2.0486000e+04
3.6000000e-01 3.0615050e-10 9.9100000e+37 5.9335940e+01 2.0486000e+04
3.2000000e-01 2.6002700e-10 9.9100000e+37 5.9939450e+01 2.0486000e+04
2.8000000e-01 2.1983860e-10 9.9100000e+37 6.0542970e+01 2.0486000e+04
2.4000000e-01 1.8029020e-10 9.9100000e+37 6.1146480e+01 2.0486000e+04
2.0000000e-01 1.4493830e-10 9.9100000e+37 6.1750000e+01 2.0486000e+04
1.6000000e-01 1.1003040e-10 9.9100000e+37 6.2353520e+01 2.0486000e+04
1.2000000e-01 7.0109860e-11 9.9100000e+37 6.5640620e+01 2.0486000e+04
8.0000000e-02 4.2026140e-11 9.9100000e+37 6.8257810e+01 2.0486000e+04
4.0000000e-02 1.9091240e-11 9.9100000e+37 7.0066410e+01 2.0486000e+04
0.0000000e+00 -6.0156460e-13 9.9100000e+37 7.1875980e+01 2.0486000e+04
-4.0000000e-02 -1.7912870e-11 9.9100000e+37 7.3685550e+01 2.0486000e+04
-8.0000000e-02 -3.2210480e-11 9.9100000e+37 7.5495120e+01 2.0486000e+04
-1.2000000e-01 -4.4725600e-11 9.9100000e+37 7.7304690e+01 2.0486000e+04
-1.6000000e-01 -5.5612640e-11 9.9100000e+37 7.9114260e+01 2.0486000e+04
-2.0000000e-01 -6.1301140e-11 9.9100000e+37 8.0923830e+01 2.0486000e+04
-2.4000000e-01 -6.3988270e-11 9.9100000e+37 8.2733400e+01 2.0486000e+04
-2.8000000e-01 -7.6482090e-11 9.9100000e+37 8.5815430e+01 2.0486000e+04
-3.2000000e-01 -8.2280720e-11 9.9100000e+37 8.8499020e+01 2.0486000e+04
-3.6000000e-01 -6.8333240e-11 9.9100000e+37 9.1116210e+01 2.0486000e+04
-4.0000000e-01 -6.9655320e-11 9.9100000e+37 9.2925780e+01 2.0486000e+04
-4.4000000e-01 -9.8697140e-11 9.9100000e+37 9.4801760e+01 2.0486000e+04
-4.8000000e-01 -1.0686260e-10 9.9100000e+37 9.5405270e+01 2.0486000e+04
-5.2000000e-01 -1.1516460e-10 9.9100000e+37 9.6008790e+01 2.0486000e+04
-5.6000000e-01 -1.2144870e-10 9.9100000e+37 9.6611330e+01 2.0486000e+04
-6.0000000e-01 -1.2908250e-10 9.9100000e+37 9.7214840e+01 2.0486000e+04
-6.4000000e-01 -1.3747220e-10 9.9100000e+37 9.7818360e+01 2.0486000e+04
-6.8000000e-01 -1.4341810e-10 9.9100000e+37 9.8421870e+01 2.0486000e+04
-7.2000000e-01 -1.4960620e-10 9.9100000e+37 9.9025390e+01 2.0486000e+04
-7.6000000e-01 -1.5941150e-10 9.9100000e+37 9.9628910e+01 2.0486000e+04
-8.0000000e-01 -1.6429780e-10 9.9100000e+37 1.0023240e+02 2.0486000e+04
-8.4000000e-01 -1.7111900e-10 9.9100000e+37 1.0083590e+02 2.0486000e+04
-8.8000000e-01 -1.7783810e-10 9.9100000e+37 1.0143950e+02 2.0486000e+04
-9.2000000e-01 -1.8555820e-10 9.9100000e+37 1.0204300e+02 2.0486000e+04
-9.6000000e-01 -1.8995350e-10 9.9100000e+37 1.0264650e+02 2.0486000e+04
-1.0000000e+00 -1.9691070e-10 9.9100000e+37 1.0324900e+02 2.0486000e+04
-1.0400000e+00 -2.0092910e-10 9.9100000e+37 1.0385250e+02 2.0486000e+04
-1.0800000e+00 -2.0709050e-10 9.9100000e+37 1.0445610e+02 2.0486000e+04
-1.1200000e+00 -2.1307550e-10 9.9100000e+37 1.0505960e+02 2.0486000e+04
-1.1600000e+00 -2.1853960e-10 9.9100000e+37 1.0566310e+02 2.0486000e+04
-1.2000000e+00 -2.2280890e-10 9.9100000e+37 1.0626660e+02 2.0486000e+04
-1.2400000e+00 -2.2753520e-10 9.9100000e+37 1.0687010e+02 2.0486000e+04
-1.2800000e+00 -2.3522550e-10 9.9100000e+37 1.0747360e+02 2.0486000e+04
-1.3200000e+00 -2.3722000e-10 9.9100000e+37 1.0807620e+02 2.0486000e+04
-1.3600000e+00 -2.4389100e-10 9.9100000e+37 1.0867970e+02 2.0486000e+04
-1.4000000e+00 -2.4724310e-10 9.9100000e+37 1.0928320e+02 2.0486000e+04
-1.4400000e+00 -2.5275490e-10 9.9100000e+37 1.0988670e+02 2.0486000e+04
-1.4800000e+00 -2.5940940e-10 9.9100000e+37 1.1049020e+02 2.0486000e+04
-1.5200000e+00 -2.6353800e-10 9.9100000e+37 1.1109370e+02 2.0486000e+04
-1.5600000e+00 -2.6568920e-10 9.9100000e+37 1.1169730e+02 2.0486000e+04
-1.6000000e+00 -2.7015850e-10 9.9100000e+37 1.1230080e+02 2.0486000e+04
-1.6400000e+00 -2.7579210e-10 9.9100000e+37 1.1290430e+02 2.0486000e+04
-1.6800000e+00 -2.7645810e-10 9.9100000e+37 1.1350780e+02 2.0486000e+04
-1.7200000e+00 -2.8120330e-10 9.9100000e+37 1.1411130e+02 2.0486000e+04
-1.7600000e+00 -2.7984060e-10 9.9100000e+37 1.1471390e+02 2.0486000e+04
-1.8000000e+00 -2.8417890e-10 9.9100000e+37 1.1531740e+02 2.0486000e+04
-1.8400000e+00 -2.8826050e-10 9.9100000e+37 1.1592090e+02 2.0486000e+04
-1.8800000e+00 -2.8856890e-10 9.9100000e+37 1.1652440e+02 2.0486000e+04
-1.9200000e+00 -2.9282740e-10 9.9100000e+37 1.1712790e+02 2.0486000e+04
-1.9600000e+00 -2.9652960e-10 9.9100000e+37 1.1773140e+02 2.0486000e+04
-2.0000000e+00 -2.9645700e-10 9.9100000e+37 1.1833500e+02 2.0486000e+04
-2.0400000e+00 -3.0196280e-10 9.9100000e+37 1.1893850e+02 2.0486000e+04
-2.0800000e+00 -3.0607760e-10 9.9100000e+37 1.1954200e+02 2.0486000e+04
-2.1200000e+00 -3.1035190e-10 9.9100000e+37 1.2014450e+02 2.0486000e+04
-2.1600000e+00 -3.1391540e-10 9.9100000e+37 1.2074800e+02 2.0486000e+04
-2.2000000e+00 -3.1927970e-10 9.9100000e+37 1.2135160e+02 2.0486000e+04
-2.2400000e+00 -3.2418930e-10 9.9100000e+37 1.2195510e+02 2.0486000e+04
-2.2800000e+00 -3.3098320e-10 9.9100000e+37 1.2255860e+02 2.0486000e+04
-2.3200000e+00 -3.3837160e-10 9.9100000e+37 1.2316210e+02 2.0486000e+04
-2.3600000e+00 -3.4824100e-10 9.9100000e+37 1.2376560e+02 2.0486000e+04
-2.4000000e+00 -3.5876450e-10 9.9100000e+37 1.2436910e+02 2.0486000e+04
-2.4400000e+00 -3.6971720e-10 9.9100000e+37 1.2497270e+02 2.0486000e+04
-2.4800000e+00 -3.7810530e-10 9.9100000e+37 1.2557620e+02 2.0486000e+04
-2.5200000e+00 -3.8926480e-10 9.9100000e+37 1.2617870e+02 2.0486000e+04
-2.5600000e+00 -3.9989080e-10 9.9100000e+37 1.2678220e+02 2.0486000e+04
-2.6000000e+00 -4.1626820e-10 9.9100000e+37 1.2738570e+02 2.0486000e+04
-2.6400000e+00 -4.2853550e-10 9.9100000e+37 1.2798930e+02 2.0486000e+04
-2.6800000e+00 -4.4090420e-10 9.9100000e+37 1.2859280e+02 2.0486000e+04
-2.7200000e+00 -4.5625040e-10 9.9100000e+37 1.2919630e+02 2.0486000e+04
-2.7600000e+00 -4.6934180e-10 9.9100000e+37 1.2979980e+02 2.0486000e+04
-2.8000000e+00 -4.8399670e-10 9.9100000e+37 1.3040330e+02 2.0486000e+04
-2.8400000e+00 -4.9920020e-10 9.9100000e+37 1.3100680e+02 2.0486000e+04
-2.8800000e+00 -5.1358600e-10 9.9100000e+37 1.3161040e+02 2.0486000e+04
-2.9200000e+00 -5.2951170e-10 9.9100000e+37 1.3221290e+02 2.0486000e+04
-2.9600000e+00 -5.4430550e-10 9.9100000e+37 1.3281640e+02 2.0486000e+04
-3.0000000e+00 -5.6656980e-10 9.9100000e+37 1.3341990e+02 2.0486000e+04
-3.0400000e+00 -6.0371770e-10 9.9100000e+37 1.3526460e+02 2.0486000e+04
-3.0800000e+00 -6.5174760e-10 9.9100000e+37 1.3776760e+02 2.0486000e+04
-3.1200000e+00 -6.6463670e-10 9.9100000e+37 1.3902930e+02 2.0486000e+04
-3.1600000e+00 -6.7426940e-10 9.9100000e+37 1.3963180e+02 2.0486000e+04
-3.2000000e+00 -6.8799210e-10 9.9100000e+37 1.4023540e+02 2.0486000e+04
-3.2400000e+00 -7.0280840e-10 9.9100000e+37 1.4083890e+02 2.0486000e+04
-3.2800000e+00 -7.9251260e-10 9.9100000e+37 1.4268360e+02 2.0486000e+04
-3.3200000e+00 -8.5268230e-10 9.9100000e+37 1.4518550e+02 2.0486000e+04
-3.3600000e+00 -9.1664860e-10 9.9100000e+37 1.4768850e+02 2.0486000e+04
-3.4000000e+00 -1.0010050e-09 9.9100000e+37 1.5080370e+02 2.0486000e+04
-3.4400000e+00 -1.0221370e-09 9.9100000e+37 1.5140720e+02 2.0486000e+04
-3.4800000e+00 -1.0554450e-09 9.9100000e+37 1.5200980e+02 2.0486000e+04
-3.5200000e+00 -1.0744120e-09 9.9100000e+37 1.5261330e+02 2.0486000e+04
-3.5600000e+00 -1.1063600e-09 9.9100000e+37 1.5321580e+02 2.0486000e+04
-3.6000000e+00 -1.1350500e-09 9.9100000e+37 1.5381930e+02 2.0486000e+04
-3.6400000e+00 -1.1621120e-09 9.9100000e+37 1.5442190e+02 2.0486000e+04
-3.6800000e+00 -1.1688920e-09 9.9100000e+37 1.5502540e+02 2.0486000e+04
-3.7200000e+00 -1.1866140e-09 9.9100000e+37 1.5562790e+02 2.0486000e+04
-3.7600000e+00 -1.2025130e-09 9.9100000e+37 1.5623140e+02 2.0486000e+04
-3.8000000e+00 -1.2212110e-09 9.9100000e+37 1.5683400e+02 2.0486000e+04
-3.8400000e+00 -1.2484000e-09 9.9100000e+37 1.5743750e+02 2.0486000e+04
-3.8800000e+00 -1.2663750e-09 9.9100000e+37 1.5804000e+02 2.0486000e+04
-3.9200000e+00 -1.2874200e-09 9.9100000e+37 1.5864360e+02 2.0486000e+04
-3.9600000e+00 -1.3028710e-09 9.9100000e+37 1.5924610e+02 2.0486000e+04
-4.0000000e+00 -1.3179560e-09 9.9100000e+37 1.5984960e+02 2.0486000e+04
