-4.0000000e+00 -1.9799290e-10 9.9100000e+37 0.0000000e+00 2.0486000e+04
-3.9600000e+00 -2.4944400e-10 9.9100000e+37 6.0253910e-01 2.0486000e+04
-3.9200000e+00 -3.1262970e-10 9.9100000e+37 1.2060550e+00 2.0486000e+04
-3.8800000e+00 -3.8124590e-10 9.9100000e+37 1.8095700e+00 2.0486000e+04
-3.8400000e+00 -4.3998730e-10 9.9100000e+37 2.4130860e+00 2.0486000e+04
-3.8000000e+00 -5.0526510e-10 9.9100000e+37 3.0166020e+00 2.0486000e+04
-3.7600000e+00 -5.4858180e-10 9.9100000e+37 3.6201170e+00 2.0486000e+04
-3.7200000e+00 -6.1355180e-10 9.9100000e+37 4.2236330e+00 2.0486000e+04
-3.6800000e+00 -7.5321130e-10 9.9100000e+37 6.0683590e+00 2.0486000e+04
-3.6400000e+00 -9.0067780e-10 9.9100000e+37 8.5703130e+00 2.0486000e+04
-3.6000000e+00 -8.0705760e-10 9.9100000e+37 9.8320310e+00 2.0486000e+04
-3.5600000e+00 -8.0518300e-10 9.9100000e+37 1.0435550e+01 2.0486000e+04
-3.5200000e+00 -7.9055880e-10 9.9100000e+37 1.1039060e+01 2.0486000e+04
-3.4800000e+00 -7.7896900e-10 9.9100000e+37 1.1642580e+01 2.0486000e+04
-3.4400000e+00 -1.0888570e-09 9.9100000e+37 1.4100590e+01 2.0486000e+04
-3.4000000e+00 -1.1022680e-09 9.9100000e+37 1.4703120e+01 2.0486000e+04
-3.3600000e+00 -1.1601440e-09 9.9100000e+37 1.5305660e+01 2.0486000e+04
-3.3200000e+00 -1.1508270e-09 9.9100000e+37 1.5909180e+01 2.0486000e+04
-3.2800000e+00 -1.1628460e-09 9.9100000e+37 1.6511720e+01 2.0486000e+04
-3.2400000e+00 -1.1995540e-09 9.9100000e+37 1.7115230e+01 2.0486000e+04
-3.2000000e+00 -1.1309750e-09 9.9100000e+37 1.7717770e+01 2.0486000e+04
-3.1600000e+00 -1.1223890e-09 9.9100000e+37 1.8321290e+01 2.0486000e+04
-3.1200000e+00 -1.0895530e-09 9.9100000e+37 1.8923830e+01 2.0486000e+04
-3.0800000e+00 -1.1035970e-09 9.9100000e+37 1.9527340e+01 2.0486000e+04
-3.0400000e+00 -1.0789600e-09 9.9100000e+37 2.0130860e+01 2.0486000e+04
-3.0000000e+00 -1.0540470e-09 9.9100000e+37 2.0733400e+01 2.0486000e+04
-2.9600000e+00 -1.0518650e-09 9.9100000e+37 2.1336910e+01 2.0486000e+04
-2.9200000e+00 -7.8356290e-10 9.9100000e+37 2.2598630e+01 2.0486000e+04
-2.8800000e+00 -7.7086920e-10 9.9100000e+37 2.3201170e+01 2.0486000e+04
-2.8400000e+00 -7.4831720e-10 9.9100000e+37 2.3804690e+01 2.0486000e+04
-2.8000000e+00 -8.6072490e-10 9.9100000e+37 2.5649410e+01 2.0486000e+04
-2.7600000e+00 -8.8363380e-10 9.9100000e+37 2.8152340e+01 2.0486000e+04
-2.7200000e+00 -7.2363850e-10 9.9100000e+37 2.9414060e+01 2.0486000e+04
-2.6800000e+00 -7.1734870e-10 9.9100000e+37 3.0016600e+01 2.0486000e+04
-2.6400000e+00 -6.9858140e-10 9.9100000e+37 3.0620120e+01 2.0486000e+04
-2.6000000e+00 -6.8482550e-10 9.9100000e+37 3.1223630e+01 2.0486000e+04
-2.5600000e+00 -6.7185060e-10 9.9100000e+37 3.1827150e+01 2.0486000e+04
-2.5200000e+00 -7.0903430e-10 9.9100000e+37 3.3671880e+01 2.0486000e+04
-2.4800000e+00 -6.4803120e-10 9.9100000e+37 3.4933590e+01 2.0486000e+04
-2.4400000e+00 -6.3334630e-10 9.9100000e+37 3.5537110e+01 2.0486000e+04
-2.4000000e+00 -6.2617160e-10 9.9100000e+37 3.6140630e+01 2.0486000e+04
-2.3600000e+00 -6.1114390e-10 9.9100000e+37 3.6743160e+01 2.0486000e+04
-2.3200000e+00 -5.9720860e-10 9.9100000e+37 3.7346680e+01 2.0486000e+04
-2.2800000e+00 -5.8578330e-10 9.9100000e+37 3.9191410e+01 2.0486000e+04
-2.2400000e+00 -5.6684570e-10 9.9100000e+37 4.0453120e+01 2.0486000e+04
-2.2000000e+00 -5.4214320e-10 9.9100000e+37 4.1056640e+01 2.0486000e+04
-2.1600000e+00 -5.2291330e-10 9.9100000e+37 4.1659180e+01 2.0486000e+04
-2.1200000e+00 -5.0586630e-10 9.9100000e+37 4.2262700e+01 2.0486000e+04
-2.0800000e+00 -4.8433650e-10 9.9100000e+37 4.2866210e+01 2.0486000e+04
-2.0400000e+00 -4.6536890e-10 9.9100000e+37 4.3469730e+01 2.0486000e+04
-2.0000000e+00 -4.4695520e-10 9.9100000e+37 4.4073240e+01 2.0486000e+04
-1.9600000e+00 -4.3613830e-10 9.9100000e+37 4.4676760e+01 2.0486000e+04
-1.9200000e+00 -4.1482090e-10 9.9100000e+37 4.5280270e+01 2.0486000e+04
-1.8800000e+00 -3.9452810e-10 9.9100000e+37 4.5883790e+01 2.0486000e+04
-1.8400000e+00 -3.7829490e-10 9.9100000e+37 4.6487300e+01 2.0486000e+04
-1.8000000e+00 -3.5655680e-10 9.9100000e+37 4.7090820e+01 2.0486000e+04
-1.7600000e+00 -3.4156530e-10 9.9100000e+37 4.7693360e+01 2.0486000e+04
-1.7200000e+00 -3.2667350e-10 9.9100000e+37 4.8296880e+01 2.0486000e+04
-1.6800000e+00 -3.1034610e-10 9.9100000e+37 4.8900390e+01 2.0486000e+04
-1.6400000e+00 -2.9575140e-10 9.9100000e+37 4.9503910e+01 2.0486000e+04
-1.6000000e+00 -2.8316050e-10 9.9100000e+37 5.0107420e+01 2.0486000e+04
-1.5600000e+00 -2.6677440e-10 9.9100000e+37 5.0710940e+01 2.0486000e+04
-1.5200000e+00 -2.5229340e-10 9.9100000e+37 5.1314450e+01 2.0486000e+04
-1.4800000e+00 -2.3912860e-10 9.9100000e+37 5.1917970e+01 2.0486000e+04
-1.4400000e+00 -2.2337560e-10 9.9100000e+37 5.2521480e+01 2.0486000e+04
-1.4000000e+00 -2.1127190e-10 9.9100000e+37 5.3125000e+01 2.0486000e+04
-1.3600000e+00 -1.9658920e-10 9.9100000e+37 5.3728520e+01 2.0486000e+04
-1.3200000e+00 -1.8703460e-10 9.9100000e+37 5.4331050e+01 2.0486000e+04
-1.2800000e+00 -1.7455340e-10 9.9100000e+37 5.4934570e+01 2.0486000e+04
-1.2400000e+00 -1.6176180e-10 9.9100000e+37 5.5538090e+01 2.0486000e+04
-1.2000000e+00 -1.5123840e-10 9.9100000e+37 5.6141600e+01 2.0486000e+04
-1.1600000e+00 -1.4148030e-10 9.9100000e+37 5.6745120e+01 2.0486000e+04
-1.1200000e+00 -1.3381070e-10 9.9100000e+37 5.7348630e+01 2.0486000e+04
-1.0800000e+00 -1.2353100e-10 9.9100000e+37 5.7952150e+01 2.0486000e+04
-1.0400000e+00 -1.1381530e-10 9.9100000e+37 5.8555660e+01 2.0486000e+04
-1.0000000e+00 -1.0465140e-10 9.9100000e+37 5.9159180e+01 2.0486000e+04
-9.6000000e-01 -8.4816230e-11 9.9100000e+37 6.2446290e+01 2.0486000e+04
-9.2000000e-01 -6.7420090e-11 9.9100000e+37 6.5062500e+01 2.0486000e+04
-8.8000000e-01 -6.4306590e-11 9.9100000e+37 6.6872070e+01 2.0486000e+04
-8.4000000e-01 -5.7542230e-11 9.9100000e+37 6.8749020e+01 2.0486000e+04
-8.0000000e-01 -5.2069390e-11 9.9100000e+37 7.1365230e+01 2.0486000e+04
-7.6000000e-01 -4.6284460e-11 9.9100000e+37 7.3174800e+01 2.0486000e+04
-7.2000000e-01 -4.0844030e-11 9.9100000e+37 7.4984380e+01 2.0486000e+04
-6.8000000e-01 -3.5895930e-11 9.9100000e+37 7.6793950e+01 2.0486000e+04
-6.4000000e-01 -3.1438270e-11 9.9100000e+37 7.8603520e+01 2.0486000e+04
-6.0000000e-01 -2.8219930e-11 9.9100000e+37 8.0412110e+01 2.0486000e+04
-5.6000000e-01 -2.3819830e-11 9.9100000e+37 8.2221680e+01 2.0486000e+04
-5.2000000e-01 -2.0418550e-11 9.9100000e+37 8.4031250e+01 2.0486000e+04
-4.8000000e-01 -1.7267750e-11 9.9100000e+37 8.5840820e+01 2.0486000e+04
-4.4000000e-01 -1.4438360e-11 9.9100000e+37 8.7650390e+01 2.0486000e+04
-4.0000000e-01 -1.1899180e-11 9.9100000e+37 8.9459960e+01 2.0486000e+04
-3.6000000e-01 -9.7619590e-12 9.9100000e+37 9.1269530e+01 2.0486000e+04
-3.2000000e-01 -7.5645340e-12 9.9100000e+37 9.3079100e+01 2.0486000e+04
-2.8000000e-01 -5.9913760e-12 9.9100000e+37 9.4888670e+01 2.0486000e+04
-2.4000000e-01 -4.5607660e-12 9.9100000e+37 9.6698240e+01 2.0486000e+04
-2.0000000e-01 -3.2148080e-12 9.9100000e+37 9.8506840e+01 2.0486000e+04
-1.6000000e-01 -2.1651470e-12 9.9100000e+37 1.0031640e+02 2.0486000e+04
-1.2000000e-01 -1.3043270e-12 9.9100000e+37 1.0212600e+02 2.0486000e+04
-8.0000000e-02 -5.3959120e-13 9.9100000e+37 1.0393550e+02 2.0486000e+04
-4.0000000e-02 8.6197410e-14 9.9100000e+37 1.0574510e+02 2.0486000e+04
0.0000000e+00 6.6240180e-13 9.9100000e+37 1.0755470e+02 2.0486000e+04
4.0000000e-02 1.1600380e-12 9.9100000e+37 1.0936430e+02 2.0486000e+04
8.0000000e-02 1.6396650e-12 9.9100000e+37 1.1117380e+02 2.0486000e+04
1.2000000e-01 2.0288040e-12 9.9100000e+37 1.1298340e+02 2.0486000e+04
1.6000000e-01 2.4863320e-12 9.9100000e+37 1.1479300e+02 2.0486000e+04
2.0000000e-01 2.9226320e-12 9.9100000e+37 1.1660250e+02 2.0486000e+04
2.4000000e-01 3.3266460e-12 9.9100000e+37 1.1841210e+02 2.0486000e+04
2.8000000e-01 3.7023820e-12 9.9100000e+37 1.2022170e+02 2.0486000e+04
3.2000000e-01 4.1912300e-12 9.9100000e+37 1.2203120e+02 2.0486000e+04
3.6000000e-01 4.6310580e-12 9.9100000e+37 1.2384080e+02 2.0486000e+04
4.0000000e-01 5.1079530e-12 9.9100000e+37 1.2565040e+02 2.0486000e+04
4.4000000e-01 5.7443350e-12 9.9100000e+37 1.2746000e+02 2.0486000e+04
4.8000000e-01 6.5319890e-12 9.9100000e+37 1.2926860e+02 2.0486000e+04
5.2000000e-01 7.3623370e-12 9.9100000e+37 1.3107810e+02 2.0486000e+04
5.6000000e-01 8.1956070e-12 9.9100000e+37 1.3288770e+02 2.0486000e+04
6.0000000e-01 9.1936030e-12 9.9100000e+37 1.3469730e+02 2.0486000e+04
6.4000000e-01 1.0704030e-11 9.9100000e+37 1.3650680e+02 2.0486000e+04
6.8000000e-01 1.1418590e-11 9.9100000e+37 1.3831640e+02 2.0486000e+04
7.2000000e-01 1.3825050e-11 9.9100000e+37 1.4012600e+02 2.0486000e+04
7.6000000e-01 1.5267850e-11 9.9100000e+37 1.4193550e+02 2.0486000e+04
8.0000000e-01 1.7385350e-11 9.9100000e+37 1.4374510e+02 2.0486000e+04
8.4000000e-01 1.9889400e-11 9.9100000e+37 1.4555470e+02 2.0486000e+04
8.8000000e-01 2.2738350e-11 9.9100000e+37 1.4736330e+02 2.0486000e+04
9.2000000e-01 2.5878360e-11 9.9100000e+37 1.4917290e+02 2.0486000e+04
9.6000000e-01 2.9753450e-11 9.9100000e+37 1.5098240e+02 2.0486000e+04
1.0000000e+00 3.5165510e-11 9.9100000e+37 1.5279200e+02 2.0486000e+04
1.0400000e+00 4.0118410e-11 9.9100000e+37 1.5460160e+02 2.0486000e+04
1.0800000e+00 4.6118360e-11 9.9100000e+37 1.5641110e+02 2.0486000e+04
1.1200000e+00 5.5480720e-11 9.9100000e+37 1.5822070e+02 2.0486000e+04
1.1600000e+00 6.6642560e-11 9.9100000e+37 1.6130270e+02 2.0486000e+04
1.2000000e+00 6.5105960e-11 9.9100000e+37 1.6391890e+02 2.0486000e+04
1.2400000e+00 6.9871210e-11 9.9100000e+37 1.6572850e+02 2.0486000e+04
1.2800000e+00 8.4948670e-11 9.9100000e+37 1.6760550e+02 2.0486000e+04
1.3200000e+00 9.6608240e-11 9.9100000e+37 1.7028910e+02 2.0486000e+04
1.3600000e+00 1.0400990e-10 9.9100000e+37 1.7089160e+02 2.0486000e+04
1.4000000e+00 1.1069500e-10 9.9100000e+37 1.7149510e+02 2.0486000e+04
1.4400000e+00 1.1882030e-10 9.9100000e+37 1.7209860e+02 2.0486000e+04
1.4800000e+00 1.2678360e-10 9.9100000e+37 1.7270210e+02 2.0486000e+04
1.5200000e+00 1.3631840e-10 9.9100000e+37 1.7330570e+02 2.0486000e+04
1.5600000e+00 1.4568410e-10 9.9100000e+37 1.7390920e+02 2.0486000e+04
1.6000000e+00 1.5667570e-10 9.9100000e+37 1.7451270e+02 2.0486000e+04
1.6400000e+00 1.7040700e-10 9.9100000e+37 1.7511620e+02 2.0486000e+04
1.6800000e+00 1.8184920e-10 9.9100000e+37 1.7571970e+02 2.0486000e+04
1.7200000e+00 1.9755080e-10 9.9100000e+37 1.7632230e+02 2.0486000e+04
1.7600000e+00 2.1349790e-10 9.9100000e+37 1.7692580e+02 2.0486000e+04
1.8000000e+00 2.3156460e-10 9.9100000e+37 1.7752930e+02 2.0486000e+04
1.8400000e+00 2.4658660e-10 9.9100000e+37 1.7813280e+02 2.0486000e+04
1.8800000e+00 2.6329280e-10 9.9100000e+37 1.7873630e+02 2.0486000e+04
1.9200000e+00 2.8400050e-10 9.9100000e+37 1.7933980e+02 2.0486000e+04
1.9600000e+00 3.0816140e-10 9.9100000e+37 1.7994340e+02 2.0486000e+04
2.0000000e+00 3.3274510e-10 9.9100000e+37 1.8054690e+02 2.0486000e+04
2.0400000e+00 3.6357010e-10 9.9100000e+37 1.8115040e+02 2.0486000e+04
2.0800000e+00 3.9046950e-10 9.9100000e+37 1.8175390e+02 2.0486000e+04
2.1200000e+00 4.1986810e-10 9.9100000e+37 1.8235740e+02 2.0486000e+04
2.1600000e+00 4.4886340e-10 9.9100000e+37 1.8296000e+02 2.0486000e+04
2.2000000e+00 4.9050340e-10 9.9100000e+37 1.8356350e+02 2.0486000e+04
2.2400000e+00 5.2430860e-10 9.9100000e+37 1.8416700e+02 2.0486000e+04
2.2800000e+00 5.5960050e-10 9.9100000e+37 1.8477050e+02 2.0486000e+04
2.3200000e+00 5.9710560e-10 9.9100000e+37 1.8537400e+02 2.0486000e+04
2.3600000e+00 6.2487160e-10 9.9100000e+37 1.8597750e+02 2.0486000e+04
2.4000000e+00 7.5761190e-10 9.9100000e+37 1.8782230e+02 2.0486000e+04
2.4400000e+00 9.1052320e-10 9.9100000e+37 1.9032520e+02 2.0486000e+04
2.4800000e+00 7.8639160e-10 9.9100000e+37 1.9158690e+02 2.0486000e+04
2.5200000e+00 7.8760900e-10 9.9100000e+37 1.9218950e+02 2.0486000e+04
2.5600000e+00 7.9196980e-10 9.9100000e+37 1.9279300e+02 2.0486000e+04
2.6000000e+00 7.9525830e-10 9.9100000e+37 1.9339650e+02 2.0486000e+04
2.6400000e+00 1.1147840e-09 9.9100000e+37 1.9524120e+02 2.0486000e+04
2.6800000e+00 1.2071830e-09 9.9100000e+37 1.9584380e+02 2.0486000e+04
2.7200000e+00 1.3284190e-09 9.9100000e+37 1.9644730e+02 2.0486000e+04
2.7600000e+00 1.4337620e-09 9.9100000e+37 1.9704980e+02 2.0486000e+04
2.8000000e+00 1.5325070e-09 9.9100000e+37 1.9765330e+02 2.0486000e+04
2.8400000e+00 1.6350160e-09 9.9100000e+37 1.9825590e+02 2.0486000e+04
2.8800000e+00 1.7570230e-09 9.9100000e+37 1.9885940e+02 2.0486000e+04
2.9200000e+00 1.8705140e-09 9.9100000e+37 1.9946190e+02 2.0486000e+04
2.9600000e+00 2.0162790e-09 9.9100000e+37 2.0006540e+02 2.0486000e+04
3.0000000e+00 2.1604360e-09 9.9100000e+37 2.0066800e+02 2.0486000e+04
3.0400000e+00 2.3295160e-09 9.9100000e+37 2.0127150e+02 2.0486000e+04
3.0800000e+00 2.5181320e-09 9.9100000e+37 2.0187400e+02 2.0486000e+04
3.1200000e+00 2.7506240e-09 9.9100000e+37 2.0247750e+02 2.0486000e+04
3.1600000e+00 2.9187160e-09 9.9100000e+37 2.0308010e+02 2.0486000e+04
3.2000000e+00 3.1375980e-09 9.9100000e+37 2.0368360e+02 2.0486000e+04
3.2400000e+00 3.3571870e-09 9.9100000e+37 2.0428610e+02 2.0486000e+04
3.2800000e+00 3.5636100e-09 9.9100000e+37 2.0488960e+02 2.0486000e+04
3.3200000e+00 3.7644640e-09 9.9100000e+37 2.0549220e+02 2.0486000e+04
3.3600000e+00 4.0503530e-09 9.9100000e+37 2.0609570e+02 2.0486000e+04
3.4000000e+00 4.3357000e-09 9.9100000e+37 2.0669820e+02 2.0486000e+04
3.4400000e+00 4.6533610e-09 9.9100000e+37 2.0730180e+02 2.0486000e+04
3.4800000e+00 4.9837530e-09 9.9100000e+37 2.0790430e+02 2.0486000e+04
3.5200000e+00 5.3155390e-09 9.9100000e+37 2.0850780e+02 2.0486000e+04
3.5600000e+00 5.6832330e-09 9.9100000e+37 2.0911040e+02 2.0486000e+04
3.6000000e+00 6.0110170e-09 9.9100000e+37 2.0971390e+02 2.0486000e+04
3.6400000e+00 6.4845840e-09 9.9100000e+37 2.1031640e+02 2.0486000e+04
3.6800000e+00 6.8247830e-09 9.9100000e+37 2.1091990e+02 2.0486000e+04
3.7200000e+00 8.0217070e-09 9.9100000e+37 2.1275490e+02 2.0486000e+04
3.7600000e+00 8.5898750e-09 9.9100000e+37 2.1397660e+02 2.0486000e+04
3.8000000e+00 8.8795940e-09 9.9100000e+37 2.1457910e+02 2.0486000e+04
3.8400000e+00 1.0574190e-08 9.9100000e+37 2.1641410e+02 2.0486000e+04
3.8800000e+00 1.1408990e-08 9.9100000e+37 2.1701760e+02 2.0486000e+04
3.9200000e+00 1.2151240e-08 9.9100000e+37 2.1762010e+02 2.0486000e+04
3.9600000e+00 1.2817540e-08 9.9100000e+37 2.1822360e+02 2.0486000e+04
4.0000000e+00 1.3639610e-08 9.9100000e+37 2.1882620e+02 2.0486000e+04
