4.0000000e+00 1.3639610e-08 9.9100000e+37 0.0000000e+00 2.0486000e+04
3.9600000e+00 1.3691620e-08 9.9100000e+37 6.0351560e-01 2.0486000e+04
3.9200000e+00 1.3801230e-08 9.9100000e+37 1.2060550e+00 2.0486000e+04
3.8800000e+00 1.3821530e-08 9.9100000e+37 1.8095700e+00 2.0486000e+04
3.8400000e+00 1.3784580e-08 9.9100000e+37 2.4121090e+00 2.0486000e+04
3.8000000e+00 1.3878320e-08 9.9100000e+37 3.0156250e+00 2.0486000e+04
3.7600000e+00 1.3984580e-08 9.9100000e+37 3.6181640e+00 2.0486000e+04
3.7200000e+00 1.3984580e-08 9.9100000e+37 4.2216800e+00 2.0486000e+04
3.6800000e+00 1.4044580e-08 9.9100000e+37 4.8242190e+00 2.0486000e+04
3.6400000e+00 1.4103270e-08 9.9100000e+37 5.4277340e+00 2.0486000e+04
3.6000000e+00 1.4191040e-08 9.9100000e+37 6.0302730e+00 2.0486000e+04
3.5600000e+00 1.4262390e-08 9.9100000e+37 6.6337890e+00 2.0486000e+04
3.5200000e+00 1.4297970e-08 9.9100000e+37 8.4687500e+00 2.0486000e+04
3.4800000e+00 1.4262390e-08 9.9100000e+37 9.6904300e+00 2.0486000e+04
3.4400000e+00 1.4362390e-08 9.9100000e+37 1.0292970e+01 2.0486000e+04
3.4000000e+00 1.4385110e-08 9.9100000e+37 1.2127930e+01 2.0486000e+04
3.3600000e+00 1.4511560e-08 9.9100000e+37 1.2731450e+01 2.0486000e+04
3.3200000e+00 1.4475930e-08 9.9100000e+37 1.3333980e+01 2.0486000e+04
3.2800000e+00 1.4414820e-08 9.9100000e+37 1.3937500e+01 2.0486000e+04
3.2400000e+00 1.43684310e-08 9.9100000e+37 1.4540040e+01 2.0486000e+04
3.2000000e+00 1.4283580e-08 9.9100000e+37 1.5143550e+01 2.0486000e+04
3.1600000e+00 1.4124600e-08 9.9100000e+37 1.5746090e+01 2.0486000e+04
3.1200000e+00 1.3827490e-08 9.9100000e+37 1.6349610e+01 2.0486000e+04
3.0800000e+00 1.3599720e-08 9.9100000e+37 1.6952150e+01 2.0486000e+04
3.0400000e+00 1.3392750e-08 9.9100000e+37 1.7555660e+01 2.0486000e+04
3.0000000e+00 1.3159360e-08 9.9100000e+37 1.8158200e+01 2.0486000e+04
2.9600000e+00 1.2851000e-08 9.9100000e+37 1.8761720e+01 2.0486000e+04
2.9200000e+00 1.2624130e-08 9.9100000e+37 1.9364260e+01 2.0486000e+04
2.8800000e+00 1.2342700e-08 9.9100000e+37 1.9967770e+01 2.0486000e+04
2.8400000e+00 1.2264060e-08 9.9100000e+37 2.0570310e+01 2.0486000e+04
2.8000000e+00 1.1997970e-08 9.9100000e+37 2.1173830e+01 2.0486000e+04
2.7600000e+00 1.1808120e-08 9.9100000e+37 2.1776370e+01 2.0486000e+04
2.7200000e+00 1.1543760e-08 9.9100000e+37 2.2379880e+01 2.0486000e+04
2.6800000e+00 1.1242720e-08 9.9100000e+37 2.2982420e+01 2.0486000e+04
2.6400000e+00 1.0868020e-08 9.9100000e+37 2.3585940e+01 2.0486000e+04
2.6000000e+00 1.0749820e-08 9.9100000e+37 2.4188480e+01 2.0486000e+04
2.5600000e+00 1.0323510e-08 9.9100000e+37 2.4791990e+01 2.0486000e+04
2.5200000e+00 1.0134530e-08 9.9100000e+37 2.5394530e+01 2.0486000e+04
2.4800000e+00 8.9391290e-09 9.9100000e+37 2.6616210e+01 2.0486000e+04
2.4400000e+00 8.6291980e-09 9.9100000e+37 2.7219730e+01 2.0486000e+04
2.4000000e+00 8.3757450e-09 9.9100000e+37 2.7822270e+01 2.0486000e+04
2.3600000e+00 8.0554110e-09 9.9100000e+37 2.8425780e+01 2.0486000e+04
2.3200000e+00 7.8136380e-09 9.9100000e+37 2.9028320e+01 2.0486000e+04
2.2800000e+00 7.3817130e-09 9.9100000e+37 3.0863280e+01 2.0486000e+04
2.2400000e+00 7.0378390e-09 9.9100000e+37 3.2084960e+01 2.0486000e+04
2.2000000e+00 6.7994170e-09 9.9100000e+37 3.2688480e+01 2.0486000e+04
2.1600000e+00 6.5895580e-09 9.9100000e+37 3.3291020e+01 2.0486000e+04
2.1200000e+00 6.3274570e-09 9.9100000e+37 3.3894530e+01 2.0486000e+04
2.0800000e+00 6.0407400e-09 9.9100000e+37 3.4497070e+01 2.0486000e+04
2.0400000e+00 5.7354440e-09 9.9100000e+37 3.5100590e+01 2.0486000e+04
2.0000000e+00 5.4141790e-09 9.9100000e+37 3.5703130e+01 2.0486000e+04
1.9600000e+00 5.1811560e-09 9.9100000e+37 3.6306640e+01 2.0486000e+04
1.9200000e+00 4.9819100e-09 9.9100000e+37 3.6909180e+01 2.0486000e+04
1.8800000e+00 4.6968390e-09 9.9100000e+37 3.7512700e+01 2.0486000e+04
1.8400000e+00 4.4618440e-09 9.9100000e+37 3.8115230e+01 2.0486000e+04
1.8000000e+00 4.1857550e-09 9.9100000e+37 3.8718750e+01 2.0486000e+04
1.7600000e+00 3.9692310e-09 9.9100000e+37 3.9321290e+01 2.0486000e+04
1.7200000e+00 3.8066670e-09 9.9100000e+37 3.9924800e+01 2.0486000e+04
1.6800000e+00 3.5548910e-09 9.9100000e+37 4.0527340e+01 2.0486000e+04
1.6400000e+00 3.3533450e-09 9.9100000e+37 4.1130860e+01 2.0486000e+04
1.6000000e+00 3.1530470e-09 9.9100000e+37 4.1733400e+01 2.0486000e+04
1.5600000e+00 2.9237890e-09 9.9100000e+37 4.2336910e+01 2.0486000e+04
1.5200000e+00 2.7558890e-09 9.9100000e+37 4.2939450e+01 2.0486000e+04
1.4800000e+00 2.6014270e-09 9.9100000e+37 4.3542970e+01 2.0486000e+04
1.4400000e+00 2.4627440e-09 9.9100000e+37 4.4145510e+01 2.0486000e+04
1.4000000e+00 2.2775220e-09 9.9100000e+37 4.4749020e+01 2.0486000e+04
1.3600000e+00 2.1218100e-09 9.9100000e+37 4.5351560e+01 2.0486000e+04
1.3200000e+00 1.9571830e-09 9.9100000e+37 4.5955080e+01 2.0486000e+04
1.2800000e+00 1.8349820e-09 9.9100000e+37 4.6557620e+01 2.0486000e+04
1.2400000e+00 1.6675810e-09 9.9100000e+37 4.7161130e+01 2.0486000e+04
1.2000000e+00 1.5427310e-09 9.9100000e+37 4.7763670e+01 2.0486000e+04
1.1600000e+00 1.4296350e-09 9.9100000e+37 4.8367190e+01 2.0486000e+04
1.1200000e+00 1.3102160e-09 9.9100000e+37 4.8969730e+01 2.0486000e+04
1.0800000e+00 1.1958510e-09 9.9100000e+37 4.9573240e+01 2.0486000e+04
1.0400000e+00 1.0976760e-09 9.9100000e+37 5.0175780e+01 2.0486000e+04
1.0000000e+00 6.9457370e-10 9.9100000e+37 5.1438480e+01 2.0486000e+04
9.6000000e-01 6.6447680e-10 9.9100000e+37 5.2041020e+01 2.0486000e+04
9.2000000e-01 6.3636160e-10 9.9100000e+37 5.2644530e+01 2.0486000e+04
8.8000000e-01 5.8449650e-10 9.9100000e+37 5.4489260e+01 2.0486000e+04
8.4000000e-01 5.0841750e-10 9.9100000e+37 5.5750980e+01 2.0486000e+04
8.0000000e-01 4.5276120e-10 9.9100000e+37 5.6353520e+01 2.0486000e+04
7.6000000e-01 4.1396010e-10 9.9100000e+37 5.6957030e+01 2.0486000e+04
7.2000000e-01 3.6661720e-10 9.9100000e+37 5.7560550e+01 2.0486000e+04
6.8000000e-01 3.2494240e-10 9.9100000e+37 5.8164060e+01 2.0486000e+04
6.4000000e-01 2.8802570e-10 9.9100000e+37 5.8767580e+01 2.0486000e+04
6.0000000e-01 2.4999900e-10 9.9100000e+37 5.9371090e+01 2.0486000e+04
5.6000000e-01 2.2114790e-10 9.9100000e+37 5.9974610e+01 2.0486000e+04
5.2000000e-01 1.9191650e-10 9.9100000e+37 6.0578120e+01 2.0486000e+04
4.8000000e-01 1.6739610e-10 9.9100000e+37 6.1181640e+01 2.0486000e+04
4.4000000e-01 1.3563410e-10 9.9100000e+37 6.1784180e+01 2.0486000e+04
4.0000000e-01 1.1441470e-10 9.9100000e+37 6.2387700e+01 2.0486000e+04
3.6000000e-01 6.5727010e-11 9.9100000e+37 6.5004880e+01 2.0486000e+04
3.2000000e-01 5.8688190e-11 9.9100000e+37 6.6814450e+01 2.0486000e+04
2.8000000e-01 4.2987350e-11 9.9100000e+37 6.8624020e+01 2.0486000e+04
2.4000000e-01 3.1114000e-11 9.9100000e+37 7.0433590e+01 2.0486000e+04
2.0000000e-01 2.2200900e-11 9.9100000e+37 7.2243160e+01 2.0486000e+04
1.6000000e-01 1.5522170e-11 9.9100000e+37 7.4052730e+01 2.0486000e+04
1.2000000e-01 1.0252110e-11 9.9100000e+37 7.5861330e+01 2.0486000e+04
8.0000000e-02 6.4108230e-12 9.9100000e+37 7.7670900e+01 2.0486000e+04
4.0000000e-02 3.4427790e-12 9.9100000e+37 7.9480470e+01 2.0486000e+04
0.0000000e+00 1.2567060e-12 9.9100000e+37 8.1290040e+01 2.0486000e+04
-4.0000000e-02 -2.9716040e-13 9.9100000e+37 8.3099610e+01 2.0486000e+04
-8.0000000e-02 -1.4271210e-12 9.9100000e+37 8.4909180e+01 2.0486000e+04
-1.2000000e-01 -2.2580150e-12 9.9100000e+37 8.6718750e+01 2.0486000e+04
-1.6000000e-01 -3.0050440e-12 9.9100000e+37 8.8528320e+01 2.0486000e+04
-2.0000000e-01 -3.3063530e-12 9.9100000e+37 9.0336910e+01 2.0486000e+04
-2.4000000e-01 -3.5285880e-12 9.9100000e+37 9.2146480e+01 2.0486000e+04
-2.8000000e-01 -3.7503500e-12 9.9100000e+37 9.3956050e+01 2.0486000e+04
-3.2000000e-01 -3.9413080e-12 9.9100000e+37 9.5765620e+01 2.0486000e+04
-3.6000000e-01 -4.0187630e-12 9.9100000e+37 9.7575200e+01 2.0486000e+04
-4.0000000e-01 -4.1189730e-12 9.9100000e+37 9.9384770e+01 2.0486000e+04
-4.4000000e-01 -4.1394680e-12 9.9100000e+37 1.0119430e+02 2.0486000e+04
-4.8000000e-01 -4.2571090e-12 9.9100000e+37 1.0300390e+02 2.0486000e+04
-5.2000000e-01 -4.4082680e-12 9.9100000e+37 1.0481350e+02 2.0486000e+04
-5.6000000e-01 -4.3962020e-12 9.9100000e+37 1.0662300e+02 2.0486000e+04
-6.0000000e-01 -4.5665870e-12 9.9100000e+37 1.0843260e+02 2.0486000e+04
-6.4000000e-01 -4.7088720e-12 9.9100000e+37 1.1024120e+02 2.0486000e+04
-6.8000000e-01 -4.8627210e-12 9.9100000e+37 1.1205080e+02 2.0486000e+04
-7.2000000e-01 -5.1706230e-12 9.9100000e+37 1.1386040e+02 2.0486000e+04
-7.6000000e-01 -5.3602180e-12 9.9100000e+37 1.1566990e+02 2.0486000e+04
-8.0000000e-01 -5.6180500e-12 9.9100000e+37 1.1747950e+02 2.0486000e+04
-8.4000000e-01 -5.8566520e-12 9.9100000e+37 1.1928910e+02 2.0486000e+04
-8.8000000e-01 -6.1276780e-12 9.9100000e+37 1.2109860e+02 2.0486000e+04
-9.2000000e-01 -6.5257930e-12 9.9100000e+37 1.2290820e+02 2.0486000e+04
-9.6000000e-01 -7.0683120e-12 9.9100000e+37 1.2471780e+02 2.0486000e+04
-1.0000000e+00 -7.6201590e-12 9.9100000e+37 1.2652730e+02 2.0486000e+04
-1.0400000e+00 -8.1439480e-12 9.9100000e+37 1.2833590e+02 2.0486000e+04
-1.0800000e+00 -8.6082670e-12 9.9100000e+37 1.3014550e+02 2.0486000e+04
-1.1200000e+00 -9.3037800e-12 9.9100000e+37 1.3195510e+02 2.0486000e+04
-1.1600000e+00 -1.0078070e-11 9.9100000e+37 1.3376460e+02 2.0486000e+04
-1.2000000e+00 -1.0571770e-11 9.9100000e+37 1.3557420e+02 2.0486000e+04
-1.2400000e+00 -1.1538530e-11 9.9100000e+37 1.3738380e+02 2.0486000e+04
-1.2800000e+00 -1.2604660e-11 9.9100000e+37 1.3919340e+02 2.0486000e+04
-1.3200000e+00 -1.3738240e-11 9.9100000e+37 1.4100290e+02 2.0486000e+04
-1.3600000e+00 -1.4639280e-11 9.9100000e+37 1.4281250e+02 2.0486000e+04
-1.4000000e+00 -1.5593800e-11 9.9100000e+37 1.4462210e+02 2.0486000e+04
-1.4400000e+00 -1.7122660e-11 9.9100000e+37 1.4643070e+02 2.0486000e+04
-1.4800000e+00 -1.8457300e-11 9.9100000e+37 1.4824020e+02 2.0486000e+04
-1.5200000e+00 -1.9814730e-11 9.9100000e+37 1.5004980e+02 2.0486000e+04
-1.5600000e+00 -2.1258260e-11 9.9100000e+37 1.5185940e+02 2.0486000e+04
-1.6000000e+00 -2.2912020e-11 9.9100000e+37 1.5366890e+02 2.0486000e+04
-1.6400000e+00 -2.5315710e-11 9.9100000e+37 1.5547850e+02 2.0486000e+04
-1.6800000e+00 -2.7725540e-11 9.9100000e+37 1.5728810e+02 2.0486000e+04
-1.7200000e+00 -3.0386860e-11 9.9100000e+37 1.5909770e+02 2.0486000e+04
-1.7600000e+00 -3.3253200e-11 9.9100000e+37 1.6090720e+02 2.0486000e+04
-1.8000000e+00 -3.5767790e-11 9.9100000e+37 1.6271580e+02 2.0486000e+04
-1.8400000e+00 -4.0160470e-11 9.9100000e+37 1.6452540e+02 2.0486000e+04
-1.8800000e+00 -4.2599510e-11 9.9100000e+37 1.6633500e+02 2.0486000e+04
-1.9200000e+00 -4.6560590e-11 9.9100000e+37 1.6814450e+02 2.0486000e+04
-1.9600000e+00 -5.1682420e-11 9.9100000e+37 1.6995410e+02 2.0486000e+04
-2.0000000e+00 -5.6797550e-11 9.9100000e+37 1.7176370e+02 2.0486000e+04
-2.0400000e+00 -6.3712730e-11 9.9100000e+37 1.7424320e+02 2.0486000e+04
-2.0800000e+00 -6.9447050e-11 9.9100000e+37 1.7685940e+02 2.0486000e+04
-2.1200000e+00 -8.3844070e-11 9.9100000e+37 1.7994140e+02 2.0486000e+04
-2.1600000e+00 -9.3702560e-11 9.9100000e+37 1.8262500e+02 2.0486000e+04
-2.2000000e+00 -1.0171890e-10 9.9100000e+37 1.8322850e+02 2.0486000e+04
-2.2400000e+00 -1.0393260e-10 9.9100000e+37 1.8383200e+02 2.0486000e+04
-2.2800000e+00 -1.1024760e-10 9.9100000e+37 1.8443550e+02 2.0486000e+04
-2.3200000e+00 -1.1976160e-10 9.9100000e+37 1.8503910e+02 2.0486000e+04
-2.3600000e+00 -1.2469500e-10 9.9100000e+37 1.8564160e+02 2.0486000e+04
-2.4000000e+00 -1.2813550e-10 9.9100000e+37 1.8624510e+02 2.0486000e+04
-2.4400000e+00 -1.3625190e-10 9.9100000e+37 1.8684860e+02 2.0486000e+04
-2.4800000e+00 -1.4485600e-10 9.9100000e+37 1.8745210e+02 2.0486000e+04
-2.5200000e+00 -1.5883550e-10 9.9100000e+37 1.8805570e+02 2.0486000e+04
-2.5600000e+00 -1.6390530e-10 9.9100000e+37 1.8865920e+02 2.0486000e+04
-2.6000000e+00 -1.7142320e-10 9.9100000e+37 1.8926270e+02 2.0486000e+04
-2.6400000e+00 -1.8370340e-10 9.9100000e+37 1.8986620e+02 2.0486000e+04
-2.6800000e+00 -1.9922110e-10 9.9100000e+37 1.9046970e+02 2.0486000e+04
-2.7200000e+00 -2.1145260e-10 9.9100000e+37 1.9107320e+02 2.0486000e+04
-2.7600000e+00 -2.2909350e-10 9.9100000e+37 1.9167680e+02 2.0486000e+04
-2.8000000e+00 -2.3324350e-10 9.9100000e+37 1.9227930e+02 2.0486000e+04
-2.8400000e+00 -2.5060200e-10 9.9100000e+37 1.9288280e+02 2.0486000e+04
-2.8800000e+00 -2.7614830e-10 9.9100000e+37 1.9348630e+02 2.0486000e+04
-2.9200000e+00 -2.9329190e-10 9.9100000e+37 1.9408980e+02 2.0486000e+04
-2.9600000e+00 -3.1822920e-10 9.9100000e+37 1.9469340e+02 2.0486000e+04
-3.0000000e+00 -3.4401770e-10 9.9100000e+37 1.9529690e+02 2.0486000e+04
-3.0400000e+00 -3.6036820e-10 9.9100000e+37 1.9590040e+02 2.0486000e+04
-3.0800000e+00 -3.7833130e-10 9.9100000e+37 1.9650390e+02 2.0486000e+04
-3.1200000e+00 -4.1677950e-10 9.9100000e+37 1.9710740e+02 2.0486000e+04
-3.1600000e+00 -4.4414360e-10 9.9100000e+37 1.9771090e+02 2.0486000e+04
-3.2000000e+00 -4.5562430e-10 9.9100000e+37 1.9831350e+02 2.0486000e+04
-3.2400000e+00 -5.0095980e-10 9.9100000e+37 1.9891700e+02 2.0486000e+04
-3.2800000e+00 -5.8731510e-10 9.9100000e+37 2.0076170e+02 2.0486000e+04
-3.3200000e+00 -6.4891820e-10 9.9100000e+37 2.0202340e+02 2.0486000e+04
-3.3600000e+00 -6.7340220e-10 9.9100000e+37 2.0262700e+02 2.0486000e+04
-3.4000000e+00 -6.8935090e-10 9.9100000e+37 2.0323050e+02 2.0486000e+04
-3.4400000e+00 -7.0381320e-10 9.9100000e+37 2.0383400e+02 2.0486000e+04
-3.4800000e+00 -7.3950030e-10 9.9100000e+37 2.0443650e+02 2.0486000e+04
-3.5200000e+00 -9.4336650e-10 9.9100000e+37 2.0628130e+02 2.0486000e+04
-3.5600000e+00 -1.0182180e-09 9.9100000e+37 2.0688480e+02 2.0486000e+04
-3.6000000e+00 -1.0747440e-09 9.9100000e+37 2.0748730e+02 2.0486000e+04
-3.6400000e+00 -1.1698760e-09 9.9100000e+37 2.0809080e+02 2.0486000e+04
-3.6800000e+00 -1.2686340e-09 9.9100000e+37 2.0869340e+02 2.0486000e+04
-3.7200000e+00 -1.3290320e-09 9.9100000e+37 2.0929690e+02 2.0486000e+04
-3.7600000e+00 -1.4672470e-09 9.9100000e+37 2.0989940e+02 2.0486000e+04
-3.8000000e+00 -1.5760510e-09 9.9100000e+37 2.1050290e+02 2.0486000e+04
-3.8400000e+00 -1.6927870e-09 9.9100000e+37 2.1110550e+02 2.0486000e+04
-3.8800000e+00 -1.7892340e-09 9.9100000e+37 2.1170900e+02 2.0486000e+04
-3.9200000e+00 -1.9448000e-09 9.9100000e+37 2.1231150e+02 2.0486000e+04
-3.9600000e+00 -2.1033440e-09 9.9100000e+37 2.1291500e+02 2.0486000e+04
-4.0000000e+00 -2.2518320e-09 9.9100000e+37 2.1351760e+02 2.0486000e+04
